0.78519,-0.04814
-0.59609,-0.24665
1.5521,-0.011205
-0.61863,-0.2287
-0.0093541,0.54233
2.0875,-0.16392
0.047152,-0.17365
-0.7276,-0.004824
1.0563,-0.78721
-0.57854,-0.06776
1.7834,0.11627
-0.28256,0.34893
-0.66871,-0.19955
-0.63213,-0.33278
-0.57983,-0.13155
-0.16863,0.051326
0.5531,-0.13911
2.1588,-0.066453
0.30926,0.086464
-0.68203,-0.0035692
-0.33779,0.56776
-0.672,0.069401
-0.6899,-0.59329
-0.57965,-0.069237
-0.42428,0.21467
2.0647,-0.25316
1.9445,-0.055701
-1.2002,0.043004
-0.81383,0.019176
-0.7342,-0.22247
1.3537,0.51274
-0.97863,0.33462
-0.84013,-0.46429
-0.61551,-0.10806
-0.59421,-0.11134
0.91448,0.17341
-0.59077,-0.18402
-0.65277,-0.0022627
0.012217,0.28494
-0.8157,0.11328
-0.10379,0.11922
-0.7004,-0.42438
-0.16772,0.2722
0.3332,-0.15532
-0.63566,-0.1274
0.018327,-0.31833
-0.36732,-0.55314
-0.72067,0.039608
-0.19536,0.079537
0.19761,0.5248
-0.48468,0.75862
-0.23963,0.43464
-0.60658,0.0051287
0.1017,0.26683
-0.80008,0.17044
2.0386,-0.21719
-0.70549,-0.051999
-0.10585,0.47488
0.61042,-0.18448
0.8555,0.8147
0.97338,-0.8637
-0.54087,0.13474
-0.073931,0.16869
-0.015015,-0.13855
0.59954,0.11426
-0.72564,0.043175
-0.6476,-0.35073
-0.37864,-0.096201
-0.10004,-0.37374
-0.26151,-0.015005
-0.18906,0.1423
-0.59564,-0.14653
-0.69139,-0.55746
-0.59764,-0.15433
1.6513,0.2812
-0.70171,-0.26517
-0.71495,-0.23782
-0.91357,0.33901
-0.60076,-0.075074
-0.60773,-0.059028
-0.35847,0.49856
-0.6753,-0.13998
0.64639,0.042801
1.4524,0.26487
0.56108,0.16201
-0.10568,-0.13679
0.07666,0.26858
0.1818,-0.17358
0.10616,-0.14958
-0.18207,-0.024408
0.73716,0.62593
-0.40238,-0.39059
2.0103,-0.10993
-0.75389,-0.2583
-0.59909,-0.099654
-0.65231,-0.07773
0.0721,-0.22696
1.6379,-0.1507
2.1766,-0.4809
-0.58194,-0.11509
0.00065117,-0.79031
0.43211,-0.28365
-0.66023,-0.13797
-0.60512,-0.043836
2.8964,-0.2852
0.79058,0.051622
-0.6339,0.0070376
0.07451,0.13636
-0.3758,0.49117
0.13105,0.19057
-0.31675,0.47843
0.71882,0.17565
-0.24802,0.17329
1.215,0.055881
0.25654,-0.15958
-0.58029,-0.11343
1.0941,-0.29148
-0.60253,-0.22591
-0.70593,-0.057635
-0.56396,-0.040988
-0.17247,-0.52098
0.1576,-0.53398
-0.59338,-0.18521
-0.1036,0.10077
-0.97298,0.34076
0.17204,0.091206
0.25945,0.1975
-0.57913,-0.10136
-0.92435,0.37607
1.1825,-0.56372
-0.57539,-0.029377
-0.53637,0.10769
-0.13264,0.1201
-0.76663,-0.55203
0.3729,-0.43732
0.0070133,0.13026
-0.65344,-0.019992
0.59238,-0.30009
-0.032974,0.11655
-0.59221,-0.20403
-0.67152,-0.081085
1.4262,0.28799
0.47433,0.051688
0.82751,0.09106
-0.91304,0.31013
-0.74172,0.095014
0.95872,-0.061699
-0.13342,0.58883
-0.18636,0.32423
-0.81975,0.23602
-0.81275,-0.29272
0.073894,0.10844
-0.73245,0.1063
-0.66881,-0.091717
-0.29982,0.32759
0.13579,0.73127
-0.73371,-0.67197
-0.61558,-0.11233
-0.57504,-0.088397
-0.78652,0.18985
-0.12353,-0.37231
-0.68682,-0.25911
-0.60039,-0.20268
-0.61223,-0.059875
1.3353,0.55685
0.61946,0.010205
-0.012115,-0.42696
0.01935,0.032792
0.36375,-0.75785
0.13741,-0.32889
-0.34896,0.48213
-0.63417,-0.075518
-0.41098,0.48364
0.11065,0.32069
-0.62935,0.029035
2.5205,0.033333
0.16479,0.33696
-0.87074,0.29559
-0.29538,0.26256
0.32743,0.61531
-0.80784,0.27424
-0.58581,-0.076905
-0.70783,-0.28041
-0.75686,0.10268
0.59905,-0.35508
-0.60212,-0.079481
-0.7076,-0.22063
0.20173,-0.29522
-0.73187,0.070928
0.73738,-0.27172
-0.60598,-0.10221
-0.61661,-0.2882
-0.10368,-0.43548
-0.58478,-0.12556
0.71148,-0.017196
-0.72711,-0.074882
-0.13085,-0.1183
-0.56965,-0.095983
-0.96672,0.33209
-0.56772,-0.044484
0.16549,0.21622
0.35805,-0.13879
-0.619,-0.10706
-0.64716,-0.33294
0.5144,0.092485
-0.66997,-0.0078141
-0.72558,-0.026135
-0.82235,0.079769
-0.78113,-0.60427
0.1445,0.3463
-0.67435,-0.30822
-0.24454,0.18157
-0.85194,-0.66659
-0.72363,0.12841
-0.047949,0.384
-0.82566,-0.53636
-0.60485,-0.076878
0.16125,0.019071
0.14785,0.46578
-0.66957,-0.37657
0.99748,0.25394
2.5525,-0.45232
0.34935,-0.008901
0.58847,-0.39182
-0.55723,-0.057556
-0.8171,0.18052
0.39948,0.006313
-0.64673,-0.23234
1.2364,0.064992
-0.59947,-0.18031
-0.6614,0.028561
-0.66163,-0.17373
-0.7457,0.085347
-0.69729,-0.016004
-0.58307,-0.11426
0.10099,0.25508
-0.4664,0.0018119
-0.62882,-0.042656
-0.20184,0.13882
0.084389,0.53746
-0.31203,0.61541
0.29965,-0.1276
-0.62251,-0.1911
-0.016664,-0.16847
0.4975,0.087534
-0.63488,0.0037796
-0.2946,0.072233
0.092197,0.28342
-0.64079,-0.14317
0.84779,-0.21786
-0.70548,-0.4083
-0.74668,-0.19046
-0.65189,0.026548
-0.61085,-0.21545
-0.59111,-0.078836
-0.32766,0.5638
1.468,-0.053571
-0.62465,-0.27991
-0.7073,-0.46428
-0.10499,-0.15156
2.4835,-0.45098
-0.57689,-0.11924
-0.58087,-0.091031
-0.62767,-0.14248
0.011873,0.35176
0.054426,-0.20718
0.83537,0.19223
-0.34256,0.43416
-0.59735,-0.028118
-0.63502,-0.065197
1.8194,0.12345
0.1501,0.41042
-0.15268,-0.38248
0.21815,-0.24718
-0.63205,-0.028395
-0.63074,-0.082076
-0.58811,-0.10383
-0.6355,0.047565
-0.3516,0.64954
1.5436,-0.043836
-0.28272,0.48697
-0.90919,0.34475
-0.21769,0.060007
0.28376,0.098431
0.87428,-0.036572
-0.027115,0.18805
0.12703,-0.0052499
0.51388,-0.87157
-0.87473,-0.019899
-0.85573,0.30521
-0.59403,-0.098519
2.1262,-0.23516
0.7138,-0.55966
0.90063,0.1892
0.40381,-0.1699
-0.66522,-0.066243
0.28961,0.3173
-0.58992,-0.039145
3.2228,0.17309
0.18078,0.38727
-0.57216,-0.10543
1.2446,-0.041893
-0.67918,-0.49308
1.2459,0.13017
2.8388,0.20647
2.0079,-0.80457
0.24776,0.25829
-0.75218,0.087007
-0.19543,0.22971
-0.56459,-0.13623
2.432,-0.28942
-0.10864,0.49922
-0.64032,-0.094068
-0.23454,-0.72259
2.2453,-0.38405
0.32741,-0.6232
2.1388,0.33981
0.36059,0.65421
-0.77672,-0.064505
1.0589,-0.0063579
-0.6341,-0.12899
-0.69556,-0.16136
-0.65127,-0.13674
0.046189,0.62045
-0.62349,-0.24741
-0.99238,-0.098186
-0.67514,-0.35739
-0.70134,-0.044693
-0.58055,-0.081033
0.12408,-0.047623
-0.82835,0.23827
1.0198,0.53368
-0.65062,-0.30876
-1.0565,-0.16944
-0.14449,0.56091
0.013004,-0.34904
0.21787,-0.020083
1.1325,0.10315
0.72637,0.24024
-0.52961,-0.011926
-0.023806,0.32323
1.6354,-0.2713
-0.66101,0.0020642
-0.62454,-0.21065
-0.60165,-0.059919
-0.90088,0.30272
-0.13725,-0.4045
-0.74715,-0.037841
-0.18623,0.026864
2.7415,0.056696
-1.1527,0.026805
0.082442,-0.035971
-0.15487,-0.096813
-0.10968,0.43024
2.3298,0.023428
-0.73394,0.34138
0.93901,-0.058806
-0.72441,-0.44085
-0.75209,-0.045927
-0.0060643,-0.54994
-0.18386,0.16889
-0.11106,-0.39765
0.027916,0.16243
-0.57541,-0.098797
-0.26219,0.17057
-0.78523,0.18406
-0.59058,-0.048927
0.038091,-0.1422
-0.63345,-0.050452
0.56261,0.42163
-0.16855,-0.28201
-0.85955,-0.028606
0.62924,0.21616
-0.38029,0.55676
1.9904,0.032378
-0.65447,-0.21246
-0.28301,0.16358
0.025257,-0.20561
-0.60812,-0.061153
-0.15682,-0.6163
-0.59579,-0.1137
-0.96363,0.4125
-0.60151,-0.18439
-0.08,0.16378
-0.56992,-0.086516
-0.56103,-0.090631
-0.72323,-0.1635
-0.012682,-0.46879
-0.71693,0.11896
-0.7972,0.17129
-0.71006,0.12724
0.45541,-0.16446
-0.24443,0.016861
-0.5797,-0.061817
0.54385,-0.10117
-0.42245,-0.061751
-0.72425,0.063504
0.070335,0.057885
-0.67908,-0.17951
1.2747,-0.46328
-0.23282,-0.49597
0.21909,0.02499
0.062201,0.38972
0.11275,-0.83746
2.026,-0.12234
-0.2596,0.094641
-0.17299,0.13301
-0.73299,0.18956
1.8096,0.54209
1.8706,-0.18788
-0.61179,-0.20652
-0.58928,-0.10459
0.92756,-0.032494
0.00019188,-0.28013
-0.60084,-0.26936
-0.27037,0.11981
-0.6775,0.052136
0.37231,-0.086422
-0.66478,-0.22296
1.7959,-0.12449
1.1744,-0.22385
-0.59115,-0.047494
-0.69685,0.006733
0.72949,0.037859
-0.75722,0.020083
-0.75589,0.029359
-0.56668,-0.039078
-0.57769,-0.11793
2.7422,-0.098182
-0.82364,0.27397
-0.71513,0.057848
-0.86284,0.24348
-0.74412,-0.077502
0.052011,0.067203
-0.57324,-0.038997
-0.64109,-0.1351
1.1307,0.16922
-0.15598,0.0013312
-0.72831,0.12885
-0.28666,0.27837
-0.75652,0.092491
-0.73953,0.12523
-0.23734,0.58819
-0.19693,-0.045338
0.37386,-0.27607
-0.58842,-0.049858
-0.7761,0.25344
-0.62825,-0.26271
0.48477,-0.69999
-0.6935,0.01236
-0.70542,0.034457
1.3648,0.40835
0.3594,0.024577
-0.61859,-0.199
-0.067344,-0.25067
-0.17314,0.0052356
-0.85002,0.18097
-0.59941,-0.15693
1.5463,0.15191
-0.86044,-0.66815
1.9629,-0.18064
-0.59114,-0.078381
1.5308,0.76402
0.088296,0.045055
-0.60863,-0.16451
0.81669,-0.16497
-0.73588,-0.24197
-0.55455,-0.76724
-0.69854,0.06256
-0.68486,0.08538
0.23835,0.14212
-0.58636,-0.12022
1.8688,-0.013861
-0.21752,0.1579
2.8822,-0.65788
1.8501,-0.56377
-0.26342,0.17284
-0.02386,-0.24676
0.2136,0.49833
0.066512,0.048566
1.1374,0.41104
-0.59454,-0.076622
-0.73407,0.10632
-0.73347,-0.23376
-0.70332,-0.002921
-0.74661,0.05767
-0.071974,0.27324
-0.96793,-0.078577
1.8776,0.41828
2.3866,-0.27307
1.9185,-0.002675
2.9674,-0.27673
-0.64261,-0.1887
-0.60977,-0.040211
2.5937,0.6291
-0.16226,0.26649
-0.58355,-0.041976
-0.4,0.76372
-0.11976,0.64358
-0.59914,-0.060462
1.7902,0.035397
0.12637,0.062441
-0.61314,-0.025526
-0.18591,0.024187
0.78487,-0.076717
0.84427,-0.15736
0.60291,-0.13762
-0.22303,0.74373
1.213,-0.92332
2.7259,0.22613
-0.58059,-0.11988
0.68251,-0.54075
-0.60244,-0.12361
0.093194,-0.10636
-0.037064,0.70873
2.9903,-0.50185
1.0764,-0.30733
0.75108,-0.13654
0.08189,0.38975
-0.67764,0.031817
-0.73512,-0.70407
-0.11472,0.036949
-0.70965,-0.22381
-0.77522,0.15725
3.0594,-0.38468
-0.5225,-0.071173
-0.70479,-0.19566
1.1072,-0.037059
2.1271,-0.42067
-0.69001,-0.03446
-0.77027,0.13826
0.8485,-0.6755
1.2104,0.47108
-0.84004,0.27905
-0.65839,-0.16218
1.2752,0.018192
-0.21828,0.041687
-0.64086,0.018695
1.659,-0.26586
-0.66297,-0.10361
1.0337,-0.03981
-0.65675,-0.018954
-0.033545,-0.68795
0.30298,-0.153
-0.44835,0.84388
-0.67492,-0.16878
0.59913,-0.17254
0.50929,0.59673
-0.58436,-0.051249
-0.077901,0.10988
1.672,-0.62709
-0.1823,0.13719
-0.83044,0.038071
-0.65259,-0.015244
-0.60112,-0.021279
0.25369,-0.026568
2.462,-0.18814
-0.88956,-0.67829
-0.27245,0.30139
-0.22309,0.01757
-0.68379,-0.25387
-0.65619,-0.36644
-0.68968,-0.58961
1.3385,-0.13425
-0.76094,0.02396
-0.1462,0.23864
-0.61908,-0.17726
-0.91159,-0.62324
-0.68339,-0.33034
-0.55451,-0.36142
-0.59892,-0.14595
2.5406,-0.057529
-0.60494,-0.052801
0.33712,-0.1645
2.5515,-0.082206
1.4759,0.46582
-0.63044,-0.070389
-0.87876,0.25116
-0.67769,-0.12296
-0.73397,-0.020494
-0.60268,-0.18554
-0.68207,-0.41833
0.73282,-0.7832
-0.59746,-0.043462
-0.68536,0.011808
-0.54095,0.24268
-0.94466,0.19031
0.48432,0.12554
-0.70288,0.061328
-0.32459,0.41943
-0.21327,0.46165
-0.52934,-0.10329
0.13248,0.092762
-0.75443,-0.028095
3.0478,0.082499
-0.22769,0.45029
0.14529,0.26513
1.6861,-0.096696
-0.68888,-0.44327
-0.22769,0.33225
0.59178,-0.1432
-0.59075,-0.035733
-0.5877,-0.080307
-0.62212,-0.012446
-0.6378,-0.14831
-0.10619,0.441
-0.58289,-0.030523
-0.60728,-0.033405
-0.40371,0.60551
-0.025842,0.0082997
-0.74614,0.010368
-0.61611,-0.11635
-0.71512,0.034009
-0.59465,-0.11006
-0.65814,-0.16716
-0.61087,-0.11735
-0.20207,0.21413
-0.6195,-0.095408
-0.70386,-0.092105
-0.61512,-0.042323
-0.018354,0.045733
-0.35659,0.40458
-0.058264,-0.33122
-0.81585,-0.63088
-0.58096,-0.081715
1.0004,-0.020838
2.108,0.13967
-0.53594,0.66626
0.055756,0.06497
-0.62312,-0.052099
-0.35533,0.48337
-0.13922,0.27166
-0.31101,0.21809
-0.068141,0.21268
-0.65434,-0.10193
-0.6614,-0.059445
0.92471,0.13181
3.0272,-0.27828
-0.62266,-0.26387
-0.74361,0.0477
-0.095701,-0.41723
0.6502,0.85315
-0.63523,-0.29071
2.9625,-0.26681
0.91353,0.017686
0.73872,0.64201
0.083697,0.91827
-0.62027,-0.12514
-0.59282,-0.27829
-0.48515,-0.021094
-0.074346,-0.057666
-0.65458,-0.18858
-0.21173,0.20412
-0.23938,0.12455
-0.66163,-0.13024
0.12867,-0.1686
-0.62179,-0.21178
0.43666,0.010539
-0.9356,0.33668
-0.69353,-0.2585
-0.64636,-0.028224
0.74373,-0.031099
-0.74846,0.48268
-0.64028,-0.070463
1.957,-0.32583
-0.62381,-0.13489
-0.043358,0.056362
-0.81735,0.10788
-0.65164,-0.36265
0.45367,0.62321
1.2766,0.0040969
-1.035,-0.028912
-0.23421,0.097461
-0.10077,0.20724
2.2326,-0.086102
-0.76495,-0.49673
-0.6464,-0.04532
-0.59248,-0.10908
-0.83126,0.10174
-0.93203,0.24938
0.26612,0.10584
-0.004317,0.37338
0.26872,-0.46712
-0.058375,0.2944
-0.86311,0.3255
-0.65546,-0.36657
-0.61141,-0.05679
-0.6564,-0.013881
-0.69113,-0.010049
-0.33552,0.38973
0.0084496,0.27558
-0.62473,0.02579
0.25873,0.41691
-0.43469,0.024972
0.14807,-0.31742
-0.67719,0.018132
-0.15692,0.37741
1.1099,-0.55624
-0.049809,0.079796
-0.6275,0.012651
-0.26135,0.30379
-0.28637,-0.82098
0.028832,0.28997
0.46048,0.73114
-0.64484,0.030532
-0.23626,0.27803
-0.22695,0.16958
-0.57466,-0.10355
-0.21477,0.28548
1.8638,-0.77787
-0.5771,-0.10258
-0.60214,-0.10989
-0.010408,-0.33797
-0.67579,0.0088225
-0.64529,-0.30198
-0.66598,-0.041764
1.1598,-0.36899
-0.57396,-0.054743
-0.60517,-0.18969
-0.57573,-0.059513
1.4683,-0.59604
-0.57611,-0.058699
0.18558,-0.083428
1.4641,-0.1453
2.4273,0.20759
-0.098616,-0.063523
-0.20159,0.58508
1.2607,-0.33319
-0.65965,-0.070567
-0.64616,-0.10376
0.79915,0.75716
0.65841,-0.114
0.061519,-0.010778
-0.59776,-0.075018
0.19277,0.33077
-0.24559,0.37274
-0.80167,0.27442
1.2973,0.0475
0.38051,-0.022578
-0.75454,-0.8189
0.0060236,-0.011032
1.3083,-0.16243
0.66601,-0.21777
-0.25438,0.20406
-0.2463,-0.0030553
0.9093,-0.9934
-0.54389,0.77541
2.9974,-0.10644
-0.66216,-0.10019
-0.67832,-0.089963
-0.1288,-0.29942
-0.4166,0.58225
-0.59072,-0.056645
-0.87666,0.057461
-0.63604,0.22021
-0.12397,-0.25657
-0.10657,0.30963
-0.65275,-0.15403
-0.61002,-0.024959
-0.022508,0.47496
0.8307,-0.097701
0.029248,0.064285
-0.17765,0.2198
0.26649,-0.65583
0.52729,-0.15157
-0.087388,0.46493
-0.69841,0.0043803
-0.65584,-0.4199
-0.62506,-0.053119
0.93251,-0.24825
0.083328,0.17461
-0.19501,0.22874
2.6872,-0.63217
-0.65558,-0.033584
-0.62469,-0.23569
-0.61509,0.0034628
-0.37852,0.54713
0.023478,-0.70644
-0.082532,0.15582
-0.68907,-0.38448
-0.64305,-0.1422
1.5976,0.2784
-0.58477,-0.03546
2.1022,0.10539
-0.71845,-0.62467
-0.57757,-0.051268
1.831,-0.082541
0.30398,-0.75612
-0.62565,-0.2076
2.2661,-0.20244
-0.57589,-0.10454
-0.18436,0.4397
0.12766,0.18747
2.4849,0.72402
0.27179,-0.71136
-0.71626,-0.49491
-0.61224,-0.066519
-0.69773,0.058219
-0.63927,-0.15276
0.32805,-0.24945
-0.62932,-0.33631
0.49869,-0.096031
-0.6763,-0.34195
-0.68399,-0.42418
0.13952,-0.29937
-0.20876,0.55815
-0.6977,-0.14041
-0.7286,0.17562
-0.56456,-0.064669
-0.74174,-0.44347
-0.59269,-0.048926
-0.62386,-0.048832
0.56006,0.29374
-0.61311,-0.12771
0.49896,0.39176
-0.63372,-0.02231
-0.81147,0.016405
-0.57931,-0.064282
-0.65612,-0.34096
0.31056,0.0015664
-0.60013,-0.041378
-0.73063,-0.13164
-0.78061,-0.62122
-0.71907,0.07898
0.82849,-0.20643
2.6007,0.077031
-0.59668,-0.15416
0.43205,0.063139
1.8131,-0.018235
-0.80346,-0.030502
1.1665,0.18394
-0.012481,-0.35409
-0.085769,-0.28056
0.12342,-0.045402
-0.54585,-0.087846
0.31419,0.30357
-0.66105,-0.16166
-0.18078,0.39257
0.9904,0.28298
-0.085267,0.49388
-0.82215,0.29668
1.517,0.32683
0.27726,0.13728
-0.63101,-0.068958
1.1922,0.55869
0.69262,0.5665
0.34025,0.35746
-0.57198,-0.08282
-1.0744,-0.0054873
-0.68394,-0.10894
-0.66105,-0.074997
-0.75421,0.55252
-0.64519,-0.14583
-0.1569,-0.11101
0.29084,-0.062627
-0.47278,-0.34422
-0.1195,-0.33916
-0.73568,-0.59932
-0.032302,-0.20577
2.1078,-0.31627
-0.62019,0.022036
-0.61975,-0.046498
0.69009,0.17333
-0.70656,-0.42073
-0.71409,-0.17803
0.98601,-0.12564
0.21499,-0.72737
-0.61322,-0.12599
0.0821,0.46025
0.14639,-0.078809
-0.66008,-0.40372
-0.56707,-0.091768
-0.1929,0.34092
0.17968,0.20092
-0.60628,-0.15413
1.0481,0.82613
-0.94217,0.38437
1.0769,-0.040815
0.17484,0.36344
-0.57764,-0.065723
1.6257,-0.0998
-0.88987,0.29091
1.3815,-0.51682
-0.86443,0.13281
0.92633,0.040105
1.4773,-0.16646
-0.61138,0.25695
-0.69282,0.033778
-0.66822,-0.13786
-0.69369,-0.088357
-0.4967,-0.26248
-0.059142,0.70556
2.2834,-0.43307
-0.62817,0.0065241
0.26556,-0.10838
-0.023022,0.72505
-0.69379,-0.12058
1.599,0.048212
-0.63004,-0.24365
0.1221,0.29969
-0.70275,-0.1055
-0.22195,0.084147
1.3907,0.13893
-0.15772,-0.02262
0.42754,0.075771
0.2216,0.40605
1.1117,0.29404
-0.57828,-0.06027
-0.58709,-0.12563
-0.041942,0.53212
-0.80797,0.4143
-0.66787,-0.13815
1.0724,0.050223
1.3059,-0.0039221
0.98895,-0.35436
-0.63836,-0.023022
-0.66867,-0.031412
0.52776,0.3305
-0.65508,-0.1864
-0.68245,0.00071977
-0.71972,-0.026636
-0.35226,0.56038
1.1351,-0.0058678
-0.1838,0.33967
-0.6191,0.00047632
-0.71393,-0.30889
-0.72327,0.033784
1.0055,0.21871
0.52756,-0.18692
1.9817,0.477
0.60057,0.0059413
-0.62443,-0.052835
0.35752,-0.37273
0.24226,0.19902
-0.70006,0.012033
-0.66551,0.42418
-0.58014,-0.091153
1.3148,0.055635
-0.65337,0.019674
-0.64048,-0.23484
-0.27683,0.37815
-0.19042,-0.029047
-0.68832,-0.39172
0.78505,-0.35403
1.7666,-0.12605
-0.71912,-0.43496
1.5699,-0.15343
-0.68391,-0.12446
-0.593,-0.086038
0.5409,-0.30352
-0.57531,-0.11411
-0.58113,-0.11054
0.40993,0.33152
-0.61137,-0.052143
-0.6269,-0.07377
0.05029,-0.016282
0.17776,0.23959
-0.60361,-0.13652
-0.78456,-0.59889
-0.066007,0.043594
-0.11778,0.0070029
-0.32302,0.58091
0.72464,-0.38162
-0.58149,-0.15265
-0.17129,0.25816
1.7433,-0.02115
0.055819,-0.32993
-0.053886,0.26133
2.3846,-0.30936
1.4521,0.15264
0.38176,0.24352
0.84459,-0.83021
1.2298,0.39073
-0.88639,0.070928
0.60455,-0.46534
-0.73478,-0.24038
-0.58224,-0.13282
-0.88442,0.34002
0.54584,0.013603
-0.73338,-0.097625
0.11486,-0.040719
-0.4833,-0.10352
-0.38552,0.49904
1.1495,-0.29576
1.6243,-0.22115
-0.6721,-0.29931
0.1653,0.19351
1.6829,0.18523
-0.63468,-0.015484
0.55125,-0.10635
-0.63722,-0.2372
0.23581,-0.26517
-0.23876,0.14799
-0.6044,-0.090115
-0.56065,-0.1193
1.4831,0.59819
-0.28815,0.38241
-0.17772,-0.38092
-0.14989,0.070422
-0.58982,-0.25463
-0.21526,0.2007
-0.68102,0.047994
-0.86349,-0.66936
-0.62538,-0.058466
0.52396,-0.2687
0.67332,0.093833
0.13927,0.031335
-0.81108,0.1757
2.783,-0.040236
-0.79781,0.13946
-0.071809,-0.0035307
-0.70243,-0.47355
-0.31486,0.3172
-0.84332,0.22226
-0.0039065,0.17359
-0.33203,0.51865
0.046259,0.27981
0.15135,-0.60924
-0.66216,-0.38026
1.422,-0.3984
-0.23947,0.23065
-0.80087,0.059828
-0.17881,0.11456
0.51081,0.18663
2.2162,0.5024
-0.13665,-0.0049465
-0.65951,-0.308
1.1199,-0.061382
-0.33613,-0.43324
2.34,0.18723
2.6174,-0.35007
-0.61816,-0.15986
-0.3296,0.25024
-0.61561,-0.025086
-0.69866,-0.37561
2.3763,0.90212
-0.6086,-0.05035
-0.66346,-0.030249
-0.62698,-0.024686
2.2029,0.02308
-0.24893,0.25008
-0.7819,0.14075
0.01675,-0.24225
-0.46481,-0.17307
2.1206,-0.23832
-0.083686,0.34296
-0.42983,-0.11575
2.553,-0.25259
0.011146,0.51011
-0.60967,-0.17482
-0.81038,0.26593
0.05621,0.2027
-0.60246,-0.18308
0.038394,-0.28482
-0.30883,0.50663
0.46715,-0.74543
-0.75709,-0.21565
-0.57919,-0.031679
2.3443,-0.18352
-0.1621,0.13086
-0.64966,-0.046812
0.26376,-0.18052
0.77366,-0.37973
-0.71889,-0.039961
2.6882,-0.22796
-0.88683,0.3113
-0.6557,-0.0099953
0.45785,-0.39824
-0.33311,0.026253
-0.6428,-0.17042
-0.60015,-0.14901
0.67153,0.51735
-0.13569,0.017489
-0.26237,0.078994
-0.66991,0.12212
0.56514,-0.048826
0.30089,0.61007
-0.19924,0.12707
0.11172,0.76864
0.1406,-0.29543
-0.87053,0.1084
0.12559,-0.1642
1.1061,0.50541
-0.6257,-0.036942
-0.54193,-0.060003
0.4098,-0.33674
-0.84224,0.31145
0.23885,-0.72812
-0.72709,-0.26136
-0.57518,-0.11771
-0.80793,-0.38332
0.37989,0.01048
-0.65967,-0.27
-0.22285,0.21496
-0.51447,0.70923
-0.47708,-0.73173
0.020517,0.078853
1.5759,-0.21786
1.141,0.0078467
-0.14749,0.029535
1.6079,-0.30347
-0.59975,-0.0034588
1.4825,0.23672
-0.64361,-0.17027
0.61731,-0.31868
-0.6399,-0.30389
0.4962,-0.51152
-0.60314,0.024077
-0.7329,-0.44626
-0.18213,0.10504
-0.20486,0.23518
0.33088,0.013256
-1.0895,0.19281
-0.63797,-0.11625
-0.23881,-0.12812
-0.67023,-0.11115
-0.76743,-0.57988
-0.61407,-0.17865
-0.73389,0.064228
-0.70781,0.026222
1.3521,0.88638
-0.063205,0.41625
-0.86806,0.22722
-0.64158,-0.087388
-0.1947,-0.41411
-1.0098,-0.33099
-0.69105,0.072791
-0.37749,-0.22084
-0.60554,-0.044565
-0.058847,-0.16555
0.88167,-0.095133
0.2212,0.31874
0.0087927,0.40058
0.76661,0.19622
-0.70864,0.044146
1.268,-0.2023
-0.7155,0.014218
-0.67505,0.048988
-0.71213,0.074714
2.1913,-0.06056
-0.61793,-0.13208
2.6498,0.57699
-0.64977,-0.12723
-0.14966,-0.31917
-0.043223,0.3008
-0.15556,0.58262
0.86055,0.1969
-0.61068,-0.10579
-0.37664,0.36248
0.041635,0.42302
-0.5997,-0.062219
-0.65455,-0.22864
-0.86467,-0.29584
-0.57976,-0.065
1.2349,0.19987
0.38102,-0.84564
-0.3137,0.232
-0.6279,-0.047187
2.6959,0.29441
-0.60025,-0.080232
0.042209,0.017698
-0.73981,-0.1965
1.6131,0.39387
-0.20912,0.064947
0.23942,-0.13363
-0.19546,0.061087
-0.6211,-0.095068
-0.64614,-0.19908
0.48236,-0.0059722
-0.69342,-0.2318
1.6631,-0.18409
-0.37912,-0.016859
-0.9567,0.16454
-0.13361,-0.19474
-0.69682,-0.42929
-0.23408,0.28901
-0.2155,-0.028179
-0.21276,0.16825
-0.58561,-0.070249
-0.17996,-0.36677
-0.72283,0.12881
-0.599,-0.08006
-0.61229,-0.13027
2.1974,-0.0016178
-0.05612,0.2421
-0.027742,-0.8199
-0.7422,0.05195
-0.6513,0.014361
-0.70864,0.070228
3.0293,-0.2681
-0.59215,-0.14408
-0.1477,0.659
-0.69445,-0.4757
-0.60028,-0.51629
0.80174,0.047981
-0.91211,0.23518
-0.59783,-0.13124
-1.0832,0.16762
0.77021,-0.55365
-0.1156,-0.41939
0.01724,0.013899
-0.093642,0.24309
-0.64188,0.23651
-0.68692,0.095983
-0.70977,-0.023735
-0.63923,-0.23337
-0.65542,-0.15547
-0.80265,0.15435
-0.62041,0.0045871
-0.58698,-0.061376
1.6873,0.13615
-0.58005,-0.058961
1.5915,-0.073925
-0.58495,-0.085989
-0.22264,0.024021
-0.31744,0.63901
-0.010137,-0.58134
-0.63348,-0.19089
-0.67942,0.037339
-0.60722,-0.043531
-0.74862,0.19979
-0.59988,-0.11586
-0.23608,0.82631
-0.20004,0.053576
-0.56832,-0.085087
-0.60564,-0.046251
-0.57918,-0.027196
-0.49975,-0.069104
-0.19322,0.35823
-0.67951,-0.48489
-0.58786,-0.16359
2.1732,0.30608
-0.65142,0.46003
-0.66762,-0.010634
0.089585,0.1537
-0.67768,-0.15254
1.2154,-0.29392
0.17121,0.0954
-0.16789,0.036881
0.19528,0.49739
0.66164,0.078805
0.11314,0.16102
-0.65777,-0.0049237
3.0615,0.011768
-0.56897,-0.071448
0.37435,0.35173
-0.28836,0.024276
-0.93235,0.33167
-0.83686,0.067716
-0.68202,-0.24021
0.0042204,-0.22824
0.26581,-0.55261
-0.60209,-0.091895
-0.69186,-0.0017716
0.10823,0.50558
-0.8145,0.28571
0.67963,0.72022
-0.062878,-0.1879
-0.94208,0.11275
-0.44447,0.57443
0.1048,0.054447
-0.68397,-0.26429
0.27017,-0.32292
1.3374,-0.075946
0.099238,0.42657
1.1803,0.29305
-0.69606,-0.28921
0.03523,0.66066
-0.06327,0.01873
-0.57319,-0.091442
1.1804,-0.13901
-0.66387,-0.12291
-0.85558,-0.1438
-0.65722,-0.33418
1.1753,-0.16989
-0.37772,-0.043089
-0.77252,-0.034427
-0.0029303,-0.58382
0.78885,-0.11104
-0.56103,-0.074257
-0.65378,-0.0088437
-0.67155,-0.28448
-0.64033,-0.073472
1.3955,0.032111
-0.59401,0.58479
2.6692,-0.81911
-0.71272,0.062086
-0.15119,0.30178
0.36021,-0.071408
-0.51022,-0.074665
-0.054214,0.066999
-0.69378,-0.38976
-0.72221,-0.11298
-0.6774,-0.088987
-0.71704,0.023923
-0.18737,0.59519
-0.96115,0.41904
-0.59422,-0.1115
-0.29216,0.33928
-0.64984,-0.15888
-0.8296,0.11874
-0.65134,-0.11066
-0.75583,-0.058318
-0.69008,0.032462
2.0402,-0.17116
0.5876,0.013258
-0.63372,-0.10745
-0.84433,0.22647
-0.62887,-0.34324
-0.28462,0.75686
1.7762,-0.070003
-0.64135,-0.040367
-0.65088,-0.12194
0.40011,-0.23845
-0.59303,-0.073891
-0.30858,0.42075
-0.59884,-0.2616
1.0831,-0.43507
-0.7569,0.14065
-0.76518,-0.26684
-0.1709,-0.31642
-0.91206,0.37258
-0.33159,0.61445
-0.63478,0.0031607
-0.8899,0.3385
-0.25312,0.13583
0.80308,0.12346
-0.62131,-0.0037194
-0.59789,-0.078168
-0.34092,0.60341
-0.5621,-0.072394
-0.16201,0.31441
-0.69961,-0.066786
2.4166,-0.15193
-0.70909,0.064189
1.0183,0.6403
-0.57651,-0.08008
0.5555,0.31968
-0.18197,-0.17343
-0.61671,-0.076478
1.1388,-0.082355
1.5836,-0.11475
-0.64414,-0.12088
-0.6111,-0.14495
-0.59173,-0.038447
1.1606,-0.13454
2.1339,-0.17365
-0.6129,-0.0019929
-0.18587,0.084751
-0.33777,0.73348
-0.64209,-0.08577
-0.52409,-0.19068
-0.67621,-0.14514
-0.5692,-0.12783
0.94407,0.32159
-0.75489,0.036375
-0.21961,0.18853
-0.61026,-0.093547
0.75847,0.27439
0.56921,0.40217
-0.023797,0.21587
-0.81932,0.11724
-0.68472,-0.18148
-0.036498,0.23021
0.17634,0.28416
-0.036024,0.47649
0.5188,0.08345
2.7172,-0.56013
-0.74282,0.19965
-0.17408,0.016376
-0.71364,-0.12638
0.044348,-0.035088
-0.6602,-0.29034
-0.084371,-0.044422
-0.57846,-0.049049
1.1758,-0.36884
3.4096,0.4903
-0.24533,0.28094
-0.57446,-0.041951
2.4375,-0.59854
-0.20508,0.22929
2.3488,0.78757
2.6365,0.09844
-0.65314,-0.096586
1.5727,-0.70521
-0.76736,0.043351
-0.4587,0.63275
1.9401,-0.13913
-0.17784,0.060944
2.4774,-0.45472
-0.10745,0.17495
-0.6482,-0.12658
1.6506,0.073138
-0.016325,0.11434
-0.16756,-0.0043919
0.053961,-0.10748
1.579,-0.29686
-0.65343,0.035767
-0.63404,-0.28405
1.8766,0.12323
-0.72276,-0.015834
0.81389,-0.50287
-0.47706,0.15944
1.7775,-0.11258
0.90223,0.18312
0.41401,0.25627
3.0324,-0.32431
0.93639,0.56411
-0.73892,0.096878
0.76171,0.57342
-0.12661,0.30992
-0.75055,-0.64219
0.16258,0.91343
1.7699,0.032886
-0.73677,-0.0054699
-0.80531,0.24414
-0.75224,-0.14067
0.22048,-0.16495
-0.59182,-0.086376
-0.86743,0.24472
-0.59649,-0.118
-0.56179,0.1299
-0.58562,-0.17585
-0.8283,0.26798
-0.626,-0.038788
-0.221,0.02235
-0.13455,-0.43872
-0.65093,0.021228
-0.22167,0.026817
-0.030241,-0.29877
-0.85895,-0.07687
0.15789,0.0084271
-0.5695,-0.055089
0.91255,-0.18364
-0.42449,0.46393
-0.56296,-0.11453
1.3815,0.35092
0.19962,0.012303
-0.31624,0.24673
-0.73249,0.080849
0.80357,-0.018978
0.079978,0.056615
0.521,-0.10068
-0.35438,0.28244
0.57877,0.44046
-0.66718,-0.13093
1.2872,-0.14572
0.72215,0.66209
-0.3594,0.46323
0.15458,-0.51437
-0.63192,-0.030502
-0.77379,0.018869
-0.69489,-0.41806
-0.1448,0.39461
-0.73749,0.045118
-0.74955,0.14684
-0.22977,0.24857
0.076391,0.14868
-0.2298,0.29692
0.9394,0.43366
0.95702,-0.40927
-0.61224,-0.17328
-0.65298,-0.34147
-0.24677,0.71719
0.0063407,-0.15771
-0.60888,-0.20956
-0.59516,-0.096549
-0.74707,0.15041
-0.62652,-0.098307
0.014672,-0.20766
-0.64809,-0.060231
-0.60555,-0.18351
-0.61874,-0.089372
-0.078949,0.066215
3.1298,-0.014966
-0.13774,0.74733
-0.75024,-0.038445
1.4157,0.83413
2.3728,-0.15319
-0.19857,0.060278
-0.77224,0.16041
-0.29254,0.25549
0.091146,0.2592
-0.20018,0.070799
0.18107,0.79145
-0.59816,-0.13306
-0.58822,-0.037671
1.0269,0.21578
-0.56812,-0.053084
-0.59719,0.00088896
-0.71027,0.14293
0.76685,0.031693
-0.70265,-0.0028718
-0.59109,-0.040701
-0.18567,-0.34524
-0.58835,-0.041158
-0.61391,-0.3015
-0.59222,-0.079464
-0.56079,0.25078
-0.20242,0.018913
-0.71072,-0.12528
-0.58057,-0.11817
0.12403,0.099408
-0.70741,-0.081399
0.4519,0.31454
-0.66228,0.15898
-0.2427,0.43894
0.0080565,0.30185
-0.57877,-0.13979
0.59097,-0.30136
-0.92206,0.0067374
-0.56128,-0.1261
-0.59182,-0.12095
-0.74755,0.018822
3.0745,0.031198
-0.74092,-0.010867
-0.17872,-0.42847
0.46665,0.53198
-0.33439,0.32596
-0.45018,-0.077891
-0.71403,-0.16736
-0.61362,0.0093865
-0.6296,-0.24147
-0.47562,-0.15773
-0.77521,-0.68441
-0.60274,-0.084833
-0.3246,0.37855
-0.65617,-0.085782
0.18309,0.58046
-0.55308,-0.11268
-0.22969,0.53594
-0.63255,-0.13425
0.061891,0.055932
-0.061927,0.27057
0.74811,-0.068828
-0.68984,-0.43289
-0.62362,-0.18747
2.2879,-0.11534
-0.62836,-0.17031
-0.28349,0.44927
-0.27757,0.43517
-0.27665,0.45422
-0.1677,0.42813
0.38819,0.054681
-0.76404,-0.38911
-0.65491,-0.016541
-0.85839,0.30509
0.20186,0.17494
0.62722,0.30614
-0.66512,-0.043627
0.15149,0.22464
-0.17549,-0.042499
0.35386,0.047302
0.11152,-0.10275
-0.088352,0.16409
1.2724,-0.048351
-0.58912,-0.14173
0.023493,0.25864
0.23427,0.86035
-0.68587,-0.45532
-0.4604,0.87736
-0.60164,-0.14577
-0.65619,0.061005
-0.61272,-0.029859
-0.89889,0.36771
-0.46252,0.84083
-0.71579,0.058022
0.034298,0.51697
-0.6243,-0.07728
-0.69294,-0.054595
2.1758,-0.028368
-0.80115,-0.60323
-0.73096,0.073498
-0.21393,0.074731
-0.52363,-0.36165
-0.68051,0.0050849
-0.66755,-0.31835
0.60664,0.23273
-0.10767,0.20044
0.22355,0.0064883
-0.1653,0.10522
-0.27567,0.28329
1.1908,0.023796
2.9458,0.12308
-0.63031,-0.10155
0.16733,0.26473
-0.71294,-0.25082
0.76151,0.192
-0.68529,-0.028504
-1.0378,-0.17213
0.079353,-0.11727
1.9202,-0.16437
-0.0021418,0.70656
-0.65786,-0.16948
2.3996,-0.20609
0.16017,-0.096399
0.25653,0.3642
1.271,0.44483
-0.25359,0.097205
0.26652,0.21284
-0.54789,-0.071993
0.49741,-0.11418
1.9583,-0.42264
-0.62022,0.012232
-0.68999,0.069342
0.31599,0.18782
-0.78003,-0.1136
-0.22384,0.22935
-0.59295,-0.082715
1.4901,0.78027
-0.61077,-0.071543
-0.50809,0.86043
-0.69695,-0.35788
-0.64513,-0.35421
2.3882,-0.37628
0.79212,-0.17683
0.6101,0.31395
-0.87341,-0.31227
-0.036051,0.33738
-0.6786,-0.44702
1.0381,-0.27749
-0.67421,0.087005
-0.20177,0.34379
-0.56196,-0.085339
-0.70708,-0.26588
2.1239,0.40389
-0.61993,-0.097557
1.4119,-0.044224
0.2466,0.045558
1.9256,-0.8825
1.9831,-0.092871
1.0224,-0.43169
-0.61613,-0.038142
-0.211,0.21779
-0.38324,0.37822
-0.62764,-0.059457
0.14277,-0.13044
-0.77232,0.10365
0.028146,0.13686
-0.69979,-0.29588
-0.5946,-0.090762
1.2876,0.037725
-0.70301,-0.27175
2.2545,-0.25382
0.4316,0.23435
0.1974,0.41516
-0.60086,-0.14725
-0.71342,0.50378
-0.64136,-0.25231
0.64386,0.35863
-0.58699,-0.15537
-0.53847,0.21458
0.4381,-0.26515
0.2544,0.14671
-0.26308,0.482
-0.68947,-0.045835
-0.16875,0.62576
-0.62895,-0.095961
-0.84959,0.31086
-0.59367,-0.041961
-0.22472,0.30157
-0.45318,0.037025
-0.067506,0.64984
-0.67696,-0.035663
0.72376,-0.046378
2.8754,-0.20442
-0.66372,-0.079975
0.62678,0.36354
-0.1946,0.19079
-0.62059,-0.10466
-0.60823,-0.033171
1.939,-0.082489
-0.45639,0.60206
-0.55494,-0.085891
0.34542,0.25987
-0.09265,-0.34646
-0.021846,0.19525
-0.33959,0.3432
0.37774,0.63769
-0.59251,-0.037128
0.9881,-0.15015
-0.28693,1.0214
0.022015,-0.0041592
-0.58629,-0.0498
0.84945,0.062605
0.73267,-0.071876
-0.5736,-0.67228
-0.71215,-0.17
-0.57494,-0.065152
-0.58505,-0.063453
-0.74856,0.1001
-0.024632,0.3295
-0.50337,0.6758
1.0842,-0.20123
0.045775,0.24723
-0.55067,-0.059686
-0.53924,-0.069448
-0.68281,-0.0074808
-0.41882,-0.079149
-0.42632,-0.6547
-0.66384,-0.026995
2.1283,-0.13541
-0.62993,0.012528
-0.61899,-0.25272
-0.71666,0.038459
0.26529,0.23063
-0.57085,-0.059616
-0.66724,0.059614
-0.093048,-0.20362
1.8253,-0.043381
1.8147,0.076806
-0.62283,-0.080422
-0.8991,0.30996
-0.11488,0.43471
-0.099686,0.052089
0.47416,-0.22043
-0.25934,0.12999
0.68148,-0.68701
-0.62715,-0.10376
-0.79537,-0.27635
-0.30218,-0.19611
-0.59873,-0.097849
-0.56263,-0.079785
-0.74299,0.089182
2.8941,-0.023191
1.7217,0.16279
0.1185,0.047767
-0.63512,-0.14143
-0.014841,0.48259
0.35088,0.083396
-0.14888,0.07361
1.4721,-0.069545
2.5011,0.06372
-0.26397,0.042132
-0.68488,-0.076901
-0.674,0.086295
-0.86994,0.31165
-0.67675,-0.23759
-0.674,-0.030989
2.3225,-0.18248
0.17429,0.28568
-0.86688,0.29728
-0.61757,0.012226
1.2745,-0.54919
-0.69307,-0.020249
0.28812,-0.64125
-0.094107,2.2101e-05
0.80535,-0.14097
0.43472,0.50288
-0.57532,-0.072661
-0.64731,-0.13524
-0.57095,-0.020013
-0.050675,0.37943
-0.2676,0.23785
-0.66598,-0.26905
-0.081933,0.1826
-0.6533,-0.20969
0.1024,0.048029
-0.5773,-0.037525
-0.62594,-0.11672
-0.69305,0.14477
-0.20292,-0.67978
0.5987,-0.020282
-0.56249,-0.10482
-0.71524,-0.12449
-0.67873,0.0058055
-0.66146,-0.034326
0.54319,-0.45985
-0.65487,-0.067846
-0.60772,-0.09424
-0.38772,-0.20962
0.76978,0.43368
-0.63622,-0.032071
1.4366,-0.79403
-0.69015,0.12847
-0.63664,-0.14328
1.9866,-0.14213
-0.69305,-0.12697
1.4342,0.25147
0.4169,-0.12598
1.1491,0.18882
-0.56714,-0.086296
-0.14972,0.029773
0.19508,-0.22774
-0.16277,-0.69815
-0.64886,-0.1845
-1.0804,0.09566
-0.65667,-0.0028599
-0.57622,-0.05732
-0.66337,-0.018336
0.89427,0.094702
-0.22915,0.40262
-0.99529,0.17482
-0.60326,-0.16395
-0.26108,0.24111
-0.46072,0.34342
-0.6838,-0.0098551
-0.62158,-0.16525
-0.62148,-0.18619
1.9476,-0.11631
-0.56612,-0.036215
-0.65235,-0.14169
-0.57754,-0.037284
-0.04254,0.84663
-0.18014,0.72039
-0.25089,0.3402
1.0178,-0.046085
-0.58935,-0.079835
-0.68447,-0.056694
0.96789,0.18403
-0.61896,-0.032756
-0.65409,-0.14718
-0.86672,0.3328
0.34295,0.16183
-0.5999,-0.055384
-0.05019,-0.062935
0.994,-0.40253
-0.56562,-0.077227
-0.62829,-0.0071177
-0.19329,0.019345
-0.20693,-0.096286
-0.77628,-0.033394
0.13417,0.26627
-0.59642,-0.071892
2.165,-0.077779
-0.5996,-0.23572
2.2981,0.0013726
0.12979,0.078622
-0.026202,0.038284
-0.57157,-0.075887
-0.12684,-0.47508
0.45849,-0.95734
-0.11579,0.33079
-0.68378,0.015407
2.1741,0.41644
-0.61927,-0.21616
-0.64244,-0.21593
-0.60693,-0.32035
0.07643,0.21171
0.30091,0.03411
1.8963,-0.077974
-0.1146,0.23592
-0.38211,-0.092194
-0.25552,-0.12854
-0.62102,0.0032109
-0.27832,0.24633
-0.60358,-0.037115
-0.7074,-0.16722
-0.037731,-0.10145
0.037923,0.5628
-0.58428,-0.057657
-0.63926,-0.036192
1.4879,-0.21115
-0.22522,0.13042
-0.25591,0.17349
-0.61636,-0.08598
0.60768,-0.04666
-0.11067,-0.20738
-0.90108,0.10484
1.9886,0.60332
-0.16915,0.089531
-0.6158,-0.079676
-0.67005,-0.088477
0.36379,0.44211
-0.56468,-0.10866
1.0909,0.64585
-0.82231,0.19219
-0.14551,0.45088
-0.065256,0.05273
-0.65405,-0.049622
-0.16511,-0.29252
-0.84844,-0.55113
-0.5668,-0.066572
-0.63051,-0.070623
-0.7815,0.15663
0.20095,-0.21332
-0.069035,0.5122
0.013469,0.61584
-0.5973,-0.073345
-0.47849,0.76812
2.1611,-0.050302
-0.30517,0.34992
0.22173,0.045538
-0.5839,-0.013699
1.6384,0.03394
-0.080387,-0.011483
-0.00033399,-0.19841
2.6031,-0.3074
-0.35269,0.18062
-0.14497,0.043967
0.95271,0.066749
0.28078,-0.093769
-0.61563,0.014156
-0.68249,-0.20472
0.2945,-0.04906
-0.11894,-0.42638
0.99385,-0.50042
0.20917,0.61611
-0.70829,0.11042
-0.63014,-0.044383
-0.71912,-0.4673
-0.18232,0.33519
1.7736,0.02697
-0.63211,-0.065612
-0.92654,-0.28345
0.24289,-0.19667
-0.049595,0.082292
-0.64085,-0.17202
-0.91469,0.28113
0.1311,0.050167
-0.082008,0.25587
1.3595,0.022643
-0.019575,-0.014003
1.9121,0.13002
-0.59844,-0.070382
-0.70904,0.54144
3.0229,-0.32449
1.2122,0.17519
0.71426,-0.090702
-0.44239,-0.08723
-0.16952,-0.25789
-0.049941,-0.32762
-0.26044,0.23491
-0.16834,0.17112
0.31726,0.26193
-0.71772,-0.15571
-0.60822,-0.045805
0.028028,0.46014
1.9955,-0.1107
0.67634,-0.3202
0.19494,-0.51672
-0.56471,-0.07335
-0.62741,-0.025859
-0.75574,0.039692
0.55053,-0.024175
-0.26437,0.42706
-0.71488,-0.021628
-0.22788,-0.47818
-0.57614,-0.085659
-0.75492,0.086806
1.4333,-0.36545
0.065123,0.52713
0.90031,-0.12798
-0.62299,-0.030467
-0.1008,0.14734
0.08824,-0.014741
-0.65645,-0.1359
1.3417,0.78803
-0.76227,0.49749
-0.6031,-0.03806
-0.38771,-0.10628
-0.64032,-0.042344
-0.61187,-0.0047549
0.059207,0.16997
-0.66085,-0.064185
-0.088928,0.54752
-0.10548,0.27935
-0.65495,-0.11972
-0.21318,0.38734
1.5931,0.11963
-0.56613,-0.099084
-0.25896,0.13466
-0.38775,-0.15721
0.53666,0.51592
-0.88956,0.1242
0.32489,0.4523
-0.42554,0.66702
-0.5614,-0.12649
0.95226,-0.13223
-0.15976,0.69908
-0.62728,-0.13365
0.51253,0.15612
0.58146,0.34256
-0.01411,0.10634
0.64419,-0.015757
1.0457,0.54206
-0.052971,0.21694
1.8322,-0.047521
-0.63299,-0.12536
-0.71626,-0.18183
-0.63812,-0.21748
-0.47557,0.65637
-0.64347,-0.223
0.2565,-0.31534
0.17734,-0.055046
0.15791,0.30983
-0.33472,0.50871
-0.079646,0.22125
-0.32591,0.42404
-0.53537,0.060765
1.6176,0.36882
-0.63398,-0.072841
0.65763,-0.1326
-0.65882,-0.11124
-0.79013,0.19467
-0.23423,0.37696
-0.34476,0.171
0.65616,0.32881
-0.58297,-0.11953
0.18793,0.19933
-0.099251,0.55983
0.40469,-0.13012
-0.001687,0.51835
-0.091981,-0.031073
1.4874,-0.25112
1.0326,0.30929
-0.70776,-0.09097
0.65284,-0.62552
-0.70771,-0.23734
1.9533,0.5072
-0.70916,-0.35958
2.6181,-0.034841
-0.57323,-0.12903
0.35592,-0.44857
1.1643,-0.12644
0.63095,0.43484
-0.58397,-0.0020753
-0.20338,-0.49994
1.6471,-0.064304
2.1985,-0.15808
-0.81279,0.23074
1.566,-0.17291
-0.5837,-0.027756
-0.58692,-0.060845
-0.20081,0.22488
1.3587,0.10207
-0.64085,-0.16629
1.7157,0.033196
0.39812,0.36885
-0.58235,-0.08332
0.282,-0.13208
-0.63938,-0.18477
-0.69444,-0.094807
-0.11637,-0.040645
1.4621,-0.47144
-0.57631,-0.073505
-0.82149,0.40859
2.222,0.50769
-0.25544,-0.0058286
1.8504,0.26817
-0.41286,0.66999
-0.57474,-0.054336
-0.73554,0.1359
-0.82329,0.26135
-0.37559,-0.18118
0.69396,0.39186
-0.61756,0.10625
0.13606,0.23473
-0.71887,-0.66809
-0.6049,-0.13236
-0.61677,-0.062814
-0.017087,0.18485
1.6498,-0.30778
0.68208,-0.32324
2.1152,-0.23027
0.38485,-0.13633
-0.70311,0.11711
1.8982,-0.14001
0.91973,0.29211
-0.63484,-0.022242
-0.62812,-0.25047
-0.74116,0.15773
-0.60137,-0.1247
2.2734,-0.13144
-0.6234,-0.024868
-0.18391,0.041489
-0.78519,0.14384
0.35311,0.29508
-0.85588,-0.34156
-0.77358,-0.14599
1.423,-0.427
-0.72009,-0.48655
1.6814,0.037082
-0.70162,-0.067601
-0.82866,-0.34349
-0.92431,-0.68941
0.2859,-0.62784
2.3094,-0.47807
-0.57334,-0.056592
-0.16147,0.29338
0.38189,-0.4778
0.06411,0.34784
0.91653,0.15955
-0.055892,-0.31198
1.3249,0.25195
-0.76035,0.10043
1.2379,-0.21107
-0.65516,0.29618
-0.2431,0.46443
0.3087,0.099834
-0.58176,-0.020331
-0.073014,0.72709
-0.089423,0.3846
-0.69113,-0.41253
-0.2306,0.16701
0.12568,0.36667
-0.14853,-0.044268
-0.74947,0.1183
-0.06151,0.052479
-0.31657,0.37124
-0.21808,0.28317
-0.55823,-0.097212
-0.63947,-0.091317
-0.62144,-0.11909
-0.44489,0.71355
0.12167,-0.60211
-0.70465,0.1457
-0.81378,-0.35881
2.7642,-0.079738
2.4164,0.15894
-0.60398,-0.029403
0.21558,0.35302
1.4521,0.17547
0.94539,0.041391
-0.72463,-0.23598
-0.62244,-0.033695
0.90302,-0.088837
1.9238,-0.35435
-0.63033,-0.081018
-0.68423,-0.3013
-0.61731,-0.094685
-0.6848,-0.0050363
-0.67283,-0.39918
-0.18789,0.4471
0.011156,0.26487
-0.0022664,0.13275
-0.16299,-0.040183
-0.69956,-0.080487
-0.13027,0.48656
1.3463,-0.45617
-0.58302,-0.030016
1.7328,-0.14595
2.1792,-0.15597
-0.71524,-0.44855
-0.56968,-0.054069
-0.80225,-0.00021395
1.5524,0.50822
-0.24404,0.16869
-0.12815,-0.13109
-0.22928,0.16779
-0.56401,-0.11015
-0.78291,-0.067169
0.36153,0.16125
-0.62323,-0.085813
-0.074624,0.093019
-0.6404,-0.10638
-0.60511,-0.18365
-0.65705,-0.11181
2.4118,0.73259
-0.79316,-0.015125
0.60634,-0.50394
-0.70791,0.068345
1.5234,-0.64799
2.0594,-0.21014
-0.027565,0.4621
-0.62427,0.012533
-0.64492,-0.23232
0.77245,-0.7165
-0.68889,-0.052563
0.49188,-0.032774
-0.79526,0.31719
-0.06547,0.30364
2.4898,0.18815
0.26479,0.25503
1.3434,0.17408
-0.82894,-0.32443
-0.69013,0.020272
-0.072212,-0.26621
0.70295,-0.17159
-0.14131,0.064574
-0.62784,-0.10289
-0.73732,0.074533
-0.61454,-0.1868
-0.613,-0.12011
-0.77641,-0.53659
0.37469,-0.91359
-0.89835,-0.31933
-0.63717,-0.023224
-0.57787,-0.031519
2.2881,0.4204
-0.7617,0.070248
-0.70152,-0.10282
2.7594,-0.53906
0.33405,-0.40028
-0.64489,-0.041689
-0.68915,-0.20214
-0.81266,0.23492
-0.00099865,-0.64117
3.0267,-0.13222
2.5611,0.81935
1.4139,-0.053162
-0.75155,0.13167
0.87649,0.34252
0.096209,0.20251
-0.69241,-0.20512
-0.6438,0.025411
-0.2827,0.3209
-0.63322,0.30463
-0.71229,-0.12055
-0.67079,-0.335
-0.15421,0.44937
-0.66311,-0.12463
-0.63505,-0.026526
-0.68387,0.11231
-0.61647,-0.0073297
2.4569,-0.2199
-0.029101,0.45241
-0.34078,0.019907
1.2427,-0.4183
2.0729,-0.23971
-0.63551,-0.32038
-0.72195,-0.25958
-0.68867,-0.045394
1.2125,-0.54899
-0.58125,-0.10552
-0.012369,-0.51734
-0.12857,0.53934
-0.58257,-0.076919
0.033282,0.4914
0.33594,0.32087
0.15958,0.14816
-0.14895,0.11678
2.0682,0.014453
1.3181,-0.06148
-0.66765,-0.12165
-0.7079,0.033701
2.3961,-0.073601
-0.63819,-0.083054
0.74279,-0.68142
-0.6055,-0.12722
-0.61319,-0.051122
-0.20753,0.14054
2.0228,0.81109
-0.59648,-0.0512
0.46681,-0.052423
2.125,-0.16889
-0.81259,-0.36925
-0.10282,0.21158
-0.6875,-0.087819
-0.025792,0.60971
-0.61968,-0.11488
-0.1197,0.47728
0.63788,-0.0036345
0.36693,0.10517
0.78348,0.41708
-0.086504,0.1917
-0.69115,0.25837
1.5876,0.48215
3.0438,-0.4319
-0.65363,-0.15792
-0.70244,-0.4261
-0.78446,-0.49295
-0.37456,0.41476
-0.54732,-0.069249
-0.69848,-0.28436
-0.61142,-0.094806
0.13548,0.33513
-0.65478,-0.21452
0.34078,0.15589
-0.84207,-0.043497
-0.6336,-0.083386
2.9391,-0.24503
-0.61424,-0.088581
-0.86283,0.28546
-0.71293,-0.0052965
-0.15131,0.28992
0.60128,0.11065
-0.58006,-0.094296
-0.21789,0.53132
-0.35878,0.48854
1.1714,-0.059039
-0.51222,-0.093705
3.1713,-0.64758
0.18065,-0.38544
-0.16884,-0.00069489
-0.80287,0.16714
-0.6521,-0.019513
-0.66417,-0.084385
-0.28208,0.33423
0.76212,0.21172
1.1198,-0.035656
0.64236,-0.74554
-0.67244,0.02586
-0.80992,0.22046
1.2393,0.19352
0.72049,0.45269
-0.21441,0.3722
1.0908,-0.29792
0.23404,0.30191
0.13992,-0.42369
0.10908,0.20379
0.030974,0.47507
1.9087,-0.313
0.29156,0.097291
-0.62315,-0.018653
-0.64771,-0.014221
-0.71312,0.022937
-0.65092,-0.050855
-0.66281,-0.11839
1.2467,-0.2985
1.2542,-0.66823
1.626,-0.15842
-0.61491,-0.056268
-0.92654,0.32335
-0.65703,-0.38862
-0.013061,0.45078
-0.7216,-0.64977
-0.79554,-0.29984
1.7753,-0.17157
0.018216,-0.11987
-0.63681,-0.033398
0.17788,-0.053096
-0.7216,-0.62562
-0.59893,-0.086417
-0.65821,-0.16597
1.8461,0.83184
-0.17355,-0.096316
-0.5934,0.067076
-0.79683,-0.62221
-0.26313,0.41014
-0.63924,-0.18045
-0.77218,0.16377
-0.65468,-0.10247
-0.67644,-0.10709
0.15917,-0.041841
-0.63668,-0.20606
-0.63014,-0.31567
0.89895,0.64295
-0.61823,-0.082855
-0.70839,0.0071409
-0.65927,-0.2988
-0.2386,0.065858
0.30542,-0.01546
-0.60124,-0.10454
-0.63252,-0.042684
-0.72647,-0.24503
-0.5735,-0.030727
3.2007,-0.55557
2.3034,-0.21188
0.54228,-0.095497
-0.66054,0.052349
0.64467,0.11241
-0.080245,-0.031103
-0.61936,-0.06749
0.0034376,0.86266
-0.25836,-0.01437
-0.62667,-0.080098
-0.65576,-0.075199
-0.70887,0.04719
-0.038151,0.011176
1.3687,-0.16646
-0.60447,-0.048622
-0.87651,0.11055
-0.60775,-0.10305
-0.66209,0.040926
-0.67369,0.036999
1.5409,0.014821
0.7784,-0.081933
-0.58919,-0.13872
1.3259,-0.59982
-0.084519,0.040776
1.1044,0.031125
-0.85082,-0.60959
0.94373,0.091161
-0.073408,0.29181
1.1986,0.10641
2.6543,0.086454
-0.64032,0.01022
-0.29647,0.3051
0.23276,-0.096816
0.41279,0.58862
-0.65751,-0.30304
-0.5934,-0.047503
-0.43249,0.00065346
1.6591,-0.27861
-0.6193,-0.057145
-0.59456,-0.030659
-0.20776,0.038325
1.6136,0.022877
0.073077,-0.080141
0.78303,-0.12028
-0.63554,-0.0065137
-0.6183,-0.11239
-0.90981,0.32818
0.67953,-0.098976
-0.57135,-0.12962
-0.29222,0.30191
-0.28149,0.21885
0.8531,-0.37358
0.076755,-0.38421
0.098693,0.32717
-0.69295,0.10057
-0.26866,0.64642
-0.26386,0.4311
3.0219,-0.39515
-0.59629,-0.071118
-0.59315,-0.058634
-0.61335,-0.067864
2.407,0.31465
-0.578,-0.021931
0.54997,-0.072576
-0.59191,-0.029199
0.63866,-0.080712
-0.74126,-0.63945
-0.30596,0.38235
0.75432,-0.4889
-0.56879,-0.15782
-0.97531,0.16794
0.021466,0.18174
-0.62278,-0.15872
-0.59055,-0.10857
-0.59072,-0.12051
-0.80293,0.20352
-0.68213,-0.17486
-0.64684,-0.027653
-0.61004,0.0075428
-0.62619,-0.2842
1.4713,0.60963
-0.62294,-0.073836
-0.92215,0.36514
-0.46677,0.1501
-0.45483,-0.52187
-0.11237,-0.28933
-0.68686,0.093368
-0.28191,-0.40343
-0.64346,-0.11939
-0.62508,-0.23734
-0.21463,0.17
-0.23418,0.303
-0.60521,-0.033697
0.51454,0.36045
-0.59659,-0.13025
-0.66061,0.025134
0.061968,0.045058
-0.62073,-0.096562
-0.70595,0.04822
0.68958,-0.018514
-0.068675,-0.034288
-0.58439,-0.076268
1.9802,0.56115
-0.67035,0.061715
-0.64475,-0.068133
-0.56804,-0.1128
0.30673,-0.0068295
-0.58649,-0.13755
-0.815,-0.043468
2.2147,0.38222
-0.054641,0.27584
-0.64098,-0.17832
-0.75791,0.063384
-0.59469,-0.030203
0.71982,-0.040829
-0.20975,0.81023
2.3913,-0.079446
0.29687,0.19006
0.27796,0.54301
1.4655,-0.51914
-0.8654,0.1065
-0.14078,0.0565
-0.65932,-0.29518
-0.11761,0.60447
0.12208,0.17009
-0.62743,-0.28549
-0.57466,-0.093778
-0.73094,-0.19005
-0.79456,0.14282
-0.59139,-0.13745
-0.58366,-0.064051
-0.63854,0.019086
2.5636,-0.27659
-0.18516,0.059324
-0.6696,-0.28936
0.91327,0.25002
-0.70825,-0.074917
-0.6642,-0.017195
0.30273,0.30164
-0.19265,0.073497
0.8143,-0.02177
0.053305,0.63399
0.98673,-0.28524
-0.62064,-0.066872
-0.034539,0.012734
0.11748,-0.90051
1.7928,0.018185
-0.011741,-0.28513
3.079,-0.4151
2.3867,-0.34602
0.12217,0.49223
-0.61928,-0.19159
-0.60778,-0.066665
-0.71545,-0.1278
0.3474,-0.067979
1.5926,-0.042494
-0.67814,-0.16489
-0.65452,-0.19672
-0.63773,-0.10606
0.14347,0.30476
-0.090547,0.68163
2.4318,-0.61971
-0.44654,0.58663
-0.70494,0.025297
-0.048661,0.2366
-0.78278,-0.42508
-0.57937,-0.2
-0.66164,-0.15614
-0.63049,-0.13291
-0.55207,-0.048962
-0.59192,-0.051045
-0.68234,-0.30879
0.28679,-0.39985
1.1666,0.44808
-0.69991,-0.063307
-0.80846,0.18872
-0.61097,-0.1472
-0.70608,0.051435
-0.12048,0.14634
-0.7777,-0.55815
0.28051,0.12562
-0.087008,0.089133
-0.31781,0.087114
-0.039691,0.3157
-0.14898,-0.32106
-0.068744,0.38986
-0.6176,-0.092868
-0.88593,0.33667
-0.26485,-0.26461
1.4766,-0.091058
1.6698,-0.0051355
1.4534,0.89006
-0.56793,-0.045103
-0.62207,-0.099748
-0.28326,0.39069
0.021287,0.22977
0.91102,-0.080517
-0.60505,-0.15823
0.40423,-0.041225
-0.36867,-0.3964
0.15558,-0.2091
0.96741,0.28892
-0.86897,0.24128
-0.18997,-0.24105
-0.71394,-0.019821
-0.60059,-0.19563
0.020835,0.33153
1.3184,-0.028317
-0.55871,-0.078111
1.3255,-0.62186
-0.671,-0.097378
0.70998,-0.20723
-0.18838,0.062845
-0.80036,0.11517
-0.723,-0.090158
0.41394,0.089462
-0.93269,0.28349
1.159,-0.085265
-0.5996,-0.006056
-0.0096816,-0.063741
0.38103,0.13705
-0.66316,-0.17246
0.95291,-0.17122
-0.60857,-0.042663
-0.28423,0.38278
-0.66881,-0.07715
0.047826,-0.14091
-0.10814,0.19883
-0.19112,0.0025193
0.10583,-0.91258
2.4452,0.74603
0.21862,-0.01307
-0.7824,0.054957
-0.25472,0.31299
0.4504,0.32156
-0.61228,-0.066757
1.6368,0.24867
-0.60498,-0.11904
-0.59846,0.0078757
1.6937,0.30774
-0.30119,0.42432
-0.49238,0.056082
-0.084513,0.11971
0.25592,-0.10368
-0.011753,-0.16809
-0.59096,-0.1006
-0.69713,0.013589
-0.54015,0.12063
-0.56421,-0.078688
-0.76467,0.022322
-0.59048,-0.1004
-0.37563,0.48772
-0.67598,-0.33816
-0.58529,-0.031611
-0.79866,0.26084
1.6839,0.48499
0.62887,0.73052
-0.014982,0.17421
-0.41133,0.60908
0.16013,0.071245
0.35172,-0.40021
-1.1056,0.061568
-0.5856,-0.10096
1.2064,0.33884
-0.60136,-0.01518
-0.58029,-0.049642
-0.68537,0.025942
-0.98142,0.13488
2.2035,0.25543
-0.56842,-0.071251
0.47944,-0.20158
0.4214,0.071467
-0.060996,-0.26223
1.2828,-0.33689
-0.16113,0.17566
-0.64489,0.071603
-0.26867,0.42137
-0.1232,0.01883
-0.56688,-0.038015
-0.088201,0.67679
-0.62853,-0.016742
-0.62035,-0.057421
-0.587,-0.11126
2.6378,-0.0031971
-0.57592,-0.086079
0.24749,0.042326
1.461,0.38024
-0.63952,-0.23186
0.49027,0.032629
-0.62228,-0.049402
0.71121,0.29663
2.0207,0.53783
0.2831,0.55949
1.4201,0.066291
-0.10957,-0.52946
0.75333,0.40444
1.3454,0.31415
0.075941,0.42257
-0.65162,-0.040169
-0.1839,0.12092
-0.81356,0.15315
-0.57057,0.7728
2.0597,0.61376
-0.91067,0.31545
0.54802,-0.60133
-0.58122,0.29664
2.5822,-0.027075
-0.73925,0.052342
-0.84753,0.24966
-0.034186,-0.23662
0.86582,-0.0040886
-0.16235,-0.0084784
-0.62944,-0.011818
-0.4072,-0.065267
-0.59457,-0.093604
0.10209,-0.98093
-0.17814,0.067728
1.5,-0.57473
-0.63321,-0.18877
0.51728,0.58615
-0.58062,-0.06785
2.332,-0.21566
-0.57648,-0.070454
-0.083835,0.36996
-0.36919,-0.11133
0.11548,-0.76143
0.016236,-0.012286
0.14857,0.32144
-0.026581,-0.0066112
-0.19922,0.70105
-0.12331,0.35732
2.8199,0.48214
-0.60214,-0.10035
0.78262,0.19673
-0.62083,-0.14028
0.93696,-0.64726
0.15766,-0.052697
0.84518,0.91416
-0.59599,-0.038723
0.39887,0.34585
-0.063751,0.10125
-0.26408,0.17555
1.1267,0.43221
-0.69794,-0.23432
-0.67588,-0.02331
1.7112,0.75425
-0.018845,0.1021
0.98318,-0.35395
1.8413,0.061235
2.9976,-0.25291
-0.69923,-0.092085
-0.60055,-0.13452
-0.35832,0.25633
-0.51845,0.063425
-0.14995,0.47322
-0.69454,-0.020575
1.6163,0.021708
-0.60756,-0.13365
-0.62008,-0.066509
-0.54674,-0.037605
-0.65467,-0.01086
-0.70381,-0.098747
-0.67757,-0.20169
1.8204,0.52331
-0.57001,-0.03552
-0.14283,0.13815
-0.60283,-0.082202
-0.8274,0.29675
-0.82292,0.22413
-0.19288,-0.28145
-1.0077,0.38956
-0.83959,0.31076
0.70822,0.62017
-0.60904,-0.18968
-0.6162,-0.19813
-0.10366,0.5637
-0.27458,-0.085384
-0.25956,0.22608
-0.70261,0.11111
0.42771,-0.045753
0.85294,-0.46455
-0.64753,-0.093446
0.058703,0.17506
0.89741,0.32214
-0.60462,-0.081296
-0.72789,-0.49453
-0.62664,-0.065524
-0.64463,0.034965
0.93265,0.71735
-0.76888,0.18855
-0.66768,-0.1313
0.80546,0.16052
-0.75723,-0.48294
-0.61888,-0.14327
-0.047745,0.26998
-0.303,0.36405
-0.24767,0.035868
-0.67796,0.055184
-0.57097,-0.055234
-0.61317,-0.046193
-0.65055,-0.034404
0.12973,0.26824
1.0701,0.2918
-0.63808,-0.11564
1.0371,-0.30887
-0.64049,0.039412
-0.64854,-0.12612
-0.65497,-0.26739
-0.61231,-0.11438
-0.020317,0.18947
-0.59025,0.014052
-0.67622,-0.065021
2.0448,-0.56023
-0.82563,0.15326
2.5647,-0.4531
-0.91158,0.32255
1.5778,0.29157
0.81232,0.92044
0.38586,-0.8309
-0.61378,-0.21356
0.20964,-0.87142
-0.6852,-0.02692
-0.73452,-0.0046929
-0.82489,0.063152
-0.5822,-0.023682
-0.22388,0.14405
-0.69186,0.088071
0.36574,-0.47019
1.2965,0.67095
-0.51617,0.34617
-0.63335,-0.081348
1.0655,0.29227
-0.6138,0.0014903
-0.19678,-0.32264
2.0184,0.025677
-0.11881,0.1765
0.55896,0.20739
0.54144,0.091643
1.3755,-0.079298
-0.71558,-0.1899
1.7188,0.5038
-0.076286,0.039429
-0.69093,0.081791
-0.029181,0.23797
-0.63183,0.0020649
-0.029206,-0.56707
0.13822,-0.48918
1.047,0.37803
-0.91768,0.33814
-0.82588,0.15827
-0.59179,-0.21671
-0.74229,-0.0049145
-0.053938,0.071596
-0.6699,-0.24954
-0.69467,-0.12415
0.59126,0.75479
0.28143,0.25998
0.035402,-0.39935
-0.021784,-0.10757
-0.57299,-0.020622
-0.62607,-0.054348
0.44183,-0.14491
-0.63945,-0.08137
-0.47479,-0.11222
0.37107,-0.054087
-0.35878,0.41067
0.054917,0.67718
1.4013,0.6041
-0.63861,-0.070336
-0.10821,0.22904
0.24603,-0.10776
-0.76636,-0.28579
-0.53383,-0.60002
-0.60036,0.0020946
-0.72535,-0.51118
-0.66017,0.035013
-0.21272,0.49692
2.7698,-0.42582
-0.89024,0.22372
3.099,-0.47798
-0.087039,0.083115
-0.63673,-0.11447
-0.64508,0.026233
0.92535,0.25798
1.3711,-0.20348
-0.80829,0.22386
-0.61968,-0.13085
1.0494,0.73185
1.5104,-0.0043641
-0.73461,-0.51119
-0.21628,0.054133
0.091483,-0.29363
-0.87683,0.21074
0.39605,-0.00036675
-0.56573,-0.083168
2.4401,-0.12796
0.44159,0.40547
-0.65356,-0.22947
-0.3806,0.57565
0.46067,0.021674
0.87915,-0.31338
-0.60536,-0.11515
1.2044,0.0017896
-0.10593,0.25455
0.59886,0.53927
2.0362,-0.18045
0.069139,0.3992
0.17234,0.048121
-0.65049,0.020936
-0.56441,-0.077318
0.67961,-0.13398
-0.071258,0.4514
-0.84049,0.061161
-0.56826,-0.07925
0.48055,0.55894
-0.22161,0.26014
-0.69543,0.10909
0.26257,0.098495
1.1487,0.24725
-0.26231,0.65511
2.3631,-0.35987
1.7489,-0.10586
-0.59502,-0.075948
-0.83289,0.28368
-0.74604,0.1803
-0.5782,-0.065448
-0.16839,0.38245
-0.21569,-0.36746
-0.61289,-0.18457
0.032549,0.07666
-0.33129,0.4434
-0.66033,-0.11112
-0.70592,-0.18727
1.6251,-0.63254
-0.60891,-0.20426
-0.74834,-0.26487
2.6112,0.58128
-0.23651,0.2214
-0.6085,-0.12361
-0.56553,-0.0684
-0.59613,-0.25252
-0.23008,0.23419
1.083,0.020476
-0.6899,0.29476
-0.62464,-0.034368
-0.0027768,0.37309
-0.59807,-0.02683
-0.73094,0.13031
-0.24747,0.40846
-0.20074,0.1134
-0.6782,-0.037512
-0.73692,0.091425
-0.818,-0.2954
-0.57305,-0.10523
1.3954,-0.67564
-0.6473,-0.032032
-0.73436,0.045216
-0.57183,-0.08469
0.51887,0.043709
0.53113,0.87696
-0.3021,0.53814
-0.49009,0.069632
-0.72287,-0.50635
-0.5909,-0.096652
0.16388,-0.076069
-0.58271,-0.1541
-0.6101,-0.18624
-0.6083,-0.19342
-0.58803,-0.10172
-0.59651,-0.099339
-0.86561,0.31402
-0.58575,-0.06162
-0.64591,-0.2215
-0.023378,0.12532
-0.62482,-0.31767
-0.68688,-0.095478
1.5109,0.41528
0.2888,-0.050113
0.21817,0.16777
1.635,-0.64875
-0.10562,0.023221
0.038959,0.5248
-0.69581,-0.010893
-0.60643,-0.056781
-0.6587,-0.28331
3.105,0.046876
-0.61565,-0.29705
-0.62542,0.00056902
-0.58866,-0.042784
-0.66523,-0.22443
0.20893,0.46423
-0.64206,-0.013918
-0.36801,0.45922
-0.49429,0.026046
-0.76558,0.11294
-0.40993,-0.10065
1.3268,-0.24775
-0.80507,0.19662
-0.61285,-0.1486
1.0712,0.63087
-0.69795,-0.35436
-0.815,0.24372
-0.66774,-0.2252
-0.59449,-0.01061
-0.5753,-0.071288
0.17479,0.2454
-0.26609,0.049039
-0.020509,-0.32727
-0.61344,0.12263
0.043564,-0.32404
0.69924,0.78075
-0.68082,0.066343
-0.57471,-0.081669
0.195,0.065298
1.9863,-0.31994
-0.30978,0.6961
-0.70857,0.065192
1.149,0.018956
-0.024733,-0.18378
1.4234,-0.078517
-0.82729,-0.11114
-0.77508,0.086672
-0.70494,-0.46163
-0.28131,0.47661
-0.70845,-0.43077
-0.63183,-0.11282
-0.58516,-0.018248
-0.72705,-0.11941
-0.21784,0.35707
1.2113,-0.55635
-0.65402,-0.22044
0.5492,-0.48933
-0.61412,-0.069765
-0.56553,-0.16736
2.4858,0.018731
-0.56978,-0.086075
-0.649,-0.25627
-0.7709,-0.49392
0.33276,-0.2256
-0.23679,0.064062
1.2552,0.089411
-0.58152,-0.084304
-0.29898,0.36714
-0.064416,0.22921
-0.64881,0.007728
-0.17541,0.32329
-0.38774,0.42869
0.58893,0.034374
-0.41818,0.52603
-0.64163,-0.13391
-0.61349,-0.21431
-0.74405,-0.33132
-0.050932,0.55901
0.032542,-0.25218
-0.60299,0.75309
-0.85549,-0.13478
-0.14759,0.073439
-0.58865,-0.096887
-0.58304,-0.07645
-0.077399,0.46427
-0.58502,-0.055787
-0.049914,-0.14209
-0.61236,0.23348
2.1139,0.12479
-0.56144,-0.089507
-0.25562,0.74504
-0.71893,0.039303
-0.41133,-0.17162
0.33727,-0.81486
0.43009,0.026857
-0.56255,-0.40328
-0.83366,-0.7078
-0.032693,-0.19789
-0.67636,-0.025854
-0.86371,0.30391
1.5221,0.28038
-0.61913,-0.10719
0.19012,0.058204
0.43525,-0.064488
-0.040256,-0.22399
-0.40736,0.26393
-0.58832,-0.080798
-0.60342,-0.11539
-0.57211,-0.026323
2.1938,-0.19466
2.4962,0.63856
-0.037465,0.58076
0.14838,-0.35334
-0.60719,-0.0077619
-0.74369,-0.07554
0.19843,-0.041974
-0.59833,-0.096908
-0.67407,-0.076712
-0.60756,-0.03096
1.2324,-0.10925
-0.10833,0.29352
-0.43797,0.64391
-0.77487,-0.12529
-0.68195,-0.032481
-0.21521,-0.020556
-0.64719,0.024668
0.56542,-0.19424
0.96217,0.032375
-0.69225,-0.083706
0.55945,0.29111
2.2533,-0.41293
-0.85525,-0.70181
-0.58681,-0.070868
-0.22774,0.76912
-0.59889,-0.097487
0.94214,-0.41381
-0.095768,-0.35867
-0.63486,0.06526
-0.19265,0.4069
0.1749,-0.26617
-0.61192,-0.10548
-0.77677,-0.72348
2.1274,-0.28322
-0.3113,0.18792
-0.27875,0.24996
-0.58532,-0.17418
-0.055392,0.18991
-0.09499,0.64897
0.6302,0.36986
-0.58946,-0.053898
-0.16986,0.1329
-0.15141,-0.067993
-0.24689,0.31804
-0.91804,0.3968
0.89767,0.04141
-0.5681,-0.077636
1.0445,0.24549
-0.61133,-0.051688
-0.33108,0.47022
0.72721,-0.8705
-0.57642,0.064712
-0.66694,-0.42223
0.60613,-0.076545
-0.28576,0.19359
-0.7522,0.16892
0.96457,0.7701
-0.67162,-0.41617
0.090706,0.16912
-0.21631,0.21829
1.9437,-0.1805
0.62259,-0.45123
-0.59708,-0.30885
3.0892,-0.14547
0.27936,0.44793
0.25929,0.0060486
-0.72687,0.12446
-0.58139,-0.035331
-0.81449,0.11298
-0.24758,0.3391
-0.054602,-0.24742
-0.63158,-0.06736
-0.58643,-0.18983
3.0365,-0.12954
-0.59347,-0.01603
-0.57052,-0.073356
0.11283,-0.123
2.3942,0.13639
-0.48077,-0.57948
-0.069866,0.059693
-0.67527,-0.061216
-0.63452,-0.19401
0.51813,0.02539
0.90032,0.56276
1.3232,0.099661
-0.24845,0.2096
0.72628,-0.39797
1.4579,-0.26626
-0.57209,-0.059707
0.04372,0.3621
-0.89132,0.19371
-0.57247,-0.032365
0.74311,0.083881
0.17112,-0.029998
0.85346,0.040416
-0.28146,0.95045
-0.61052,-0.037335
-0.29299,0.73617
0.14936,-0.10889
-0.53448,-0.056245
0.5047,0.21199
2.9981,-0.068646
-0.76739,-0.6861
-0.56248,-0.076503
-0.4857,-0.14301
1.4075,0.34045
2.1257,-0.32308
-0.64977,-0.089968
-0.83561,-0.67344
-0.63469,-0.1458
-0.22815,0.0062581
-0.21299,0.75453
-0.61222,-0.044244
1.086,-0.37842
-0.5332,-0.74005
1.1491,-0.021725
0.34556,0.10464
0.15741,0.55745
-0.48518,-0.41249
2.487,0.44625
-0.69235,-0.19032
-0.67874,0.13224
-0.72335,0.16087
2.7566,0.57375
-0.66314,-0.13269
-0.62757,-0.24216
-0.68856,-0.038565
0.57573,-0.064439
1.4169,0.090215
-0.25614,0.12662
-0.078904,0.058458
-0.55382,-0.12269
-0.61984,-0.13672
0.36061,0.2485
-0.6057,-0.028242
-0.64962,-0.14454
-0.33777,0.3675
-0.73421,-0.49272
-0.60344,-0.10136
-0.67045,-0.40561
-0.18135,-0.47561
0.57793,0.51223
-1.0093,0.39509
0.23932,0.37931
-0.69653,0.28335
-0.79941,-0.45371
-0.78747,-0.42008
0.026411,-0.6771
-0.62253,-0.15931
0.13754,-0.073785
2.8715,-0.048899
-0.15757,0.30122
0.89655,-0.072838
0.39103,-0.16288
-0.74422,0.092879
-0.68756,-0.1082
-0.2688,0.35815
-0.60087,0.027144
1.4648,0.16755
-0.78176,0.15363
0.19859,-0.22766
2.0799,0.077254
0.071429,-0.22098
1.8752,0.59096
-0.79211,0.018649
0.80199,-0.10262
1.3508,-0.067591
0.069075,0.45255
-0.14691,0.085363
0.92216,-0.15779
0.61024,-0.94445
0.19334,-0.10662
0.23131,-0.27911
-0.51761,-0.040688
-0.59665,-0.064566
-0.66325,-0.18626
-0.20548,0.0077471
-0.70223,-0.31195
-0.67119,-0.10339
-0.606,-0.15673
0.26659,-0.28242
0.1888,0.32949
-0.65078,-0.39335
-0.65056,-0.082975
0.014773,-0.24195
-0.026054,0.29454
-0.24221,-0.032409
-0.86004,0.32305
1.2582,0.39389
-0.7593,-0.65826
-0.052266,0.38725
1.7845,-0.011183
-0.58342,0.11484
-0.72864,-0.2667
-0.84107,0.26457
0.51679,-0.12317
-0.64642,0.014842
-0.67612,-0.036918
0.31503,-0.075258
2.2665,-0.13195
0.13158,-0.22538
-0.63876,-0.014086
0.033914,-0.29659
-0.23331,0.04949
0.17953,0.15694
1.1423,-0.028595
-0.65257,-0.0045249
1.05,0.32354
0.1521,0.43559
-0.6451,-0.068469
-0.25063,0.15697
-0.58776,-0.085261
0.84474,-0.15036
-0.21163,0.09839
-0.59787,0.012044
-0.025762,0.41339
-0.2102,0.10427
-0.81907,0.28852
-0.5596,-0.067133
-0.61061,-0.05045
-0.16653,0.022374
-0.6382,-0.078272
-0.66432,-0.018201
2.7381,0.41031
0.55286,0.43612
1.655,0.18233
-0.14165,0.17804
0.91345,-0.12079
-0.64033,-0.031052
0.89079,-0.018007
-0.65268,-0.11031
-0.70655,0.029699
-0.1937,-0.47912
-0.60776,-0.18147
0.19111,-0.042814
-0.14394,-0.44029
-0.12106,0.6976
1.5253,0.41622
0.027155,0.59514
-0.61311,-0.0016361
-0.55989,-0.041141
-0.1847,-0.018311
1.0272,0.50222
0.85877,0.033808
-0.24172,0.22039
-0.20582,0.26255
-0.58239,-0.042527
-0.4131,0.60767
1.0985,-0.065281
2.9024,-0.049198
-0.44206,-0.078269
1.7208,0.39658
-0.71866,0.11033
-0.68335,0.27325
-0.65853,-0.010838
-0.92149,0.40903
-0.61889,-0.048161
0.76346,0.067627
0.57969,-0.46117
0.079703,0.47754
-0.64554,-0.010004
0.042982,-0.43477
-0.79582,0.18044
1.2604,-0.27018
0.27937,-0.05196
0.90873,0.050211
0.69423,0.13856
-0.24766,0.38885
0.15036,0.74994
-0.42873,0.56772
-0.14785,-0.29446
-0.61222,-0.11144
-0.57316,-0.12783
0.52107,0.35025
-0.31028,-0.20344
-0.75277,0.040513
0.70196,-0.37903
-0.61211,-0.1598
0.64899,0.029992
-0.18246,0.84697
-0.50763,-0.10851
-0.57361,-0.049564
-0.77885,0.22716
-0.59297,-0.096511
0.43896,-0.068006
-0.63948,-0.16555
-0.69537,-0.11919
-0.62641,-0.026911
-0.68747,-0.41858
1.6838,0.15877
-0.65464,-0.075634
-0.073438,0.10666
-0.62588,-0.17992
1.238,0.15866
-0.5987,-0.087244
-0.68837,-0.17013
-0.68977,-0.040609
-0.58186,-0.02247
1.6272,0.49913
-0.22427,-0.030433
-0.14659,-0.4694
-0.58437,-0.069656
0.035779,0.44037
-0.67247,-0.070603
-0.19594,0.044334
0.00075267,0.045296
2.0775,-0.098411
-0.57584,-0.095427
2.3062,0.54116
-0.59919,-0.10144
-0.6559,-0.23318
1.4449,-0.15682
1.0373,0.10476
-0.25207,0.031657
-0.24346,0.089707
-0.43662,0.57984
-0.14494,-0.092496
-0.57593,-0.16776
0.36445,-0.38914
2.4331,-0.58918
-0.65961,0.042588
-0.62335,-0.087144
-0.56499,-0.031256
-0.69191,-0.037816
0.015844,0.3154
1.9521,-0.35135
-0.35803,0.10693
0.2176,-0.11445
-0.53184,0.07784
-0.38207,-0.37684
2.0513,-0.19399
3.0764,0.0036715
1.2229,0.51706
-0.63431,-0.14948
-0.89807,0.3636
-0.0055988,0.018608
-0.65787,-0.2009
0.56585,-0.25119
0.45129,-0.010402
-0.63527,-0.33391
1.0092,0.29028
1.9974,-0.16131
-0.60453,-0.11318
-0.15642,0.5785
-0.68378,-0.1239
0.44965,-0.22541
0.41186,-0.20036
-0.67903,-0.054176
-0.60037,-0.00038292
0.5442,0.10359
-0.61562,-0.022714
-0.58899,-0.08217
-0.59176,-0.04654
-0.61115,-0.012868
0.75518,0.6393
0.17228,-0.46525
0.013234,-0.63516
-0.65024,-0.11992
1.6761,0.54975
-0.59904,-0.080324
1.2114,0.72186
-0.64844,-0.10343
-0.68932,-0.33839
0.093472,-0.56761
-0.60227,-0.11515
-0.072514,-0.23396
-0.13304,-0.64968
-0.44764,0.6663
-0.38569,0.63386
0.95672,-0.19367
0.54673,-0.16715
-0.60935,-0.11896
-0.59136,-0.13627
-0.28178,0.35394
0.7132,-0.077187
-0.59433,-0.0054946
-0.60361,-0.13008
-0.68364,-0.11521
-0.58357,-0.17368
-0.089994,0.24987
2.1121,0.26971
-0.80212,0.25121
1.5903,0.063993
-0.24702,0.24229
1.8937,0.17377
-0.13616,0.25032
-0.68341,-0.055667
1.6797,0.23368
-0.010938,0.076696
-0.69711,-0.49891
-0.5956,-0.060611
0.39365,-0.066212
0.28655,0.1736
1.1743,-0.18029
-0.81075,-0.52531
0.84588,0.030887
-0.3247,0.31435
0.24099,0.40826
3.0595,0.020405
0.69173,-0.0302
2.5719,-0.4705
-0.67713,0.012069
2.2591,0.15662
-0.57771,-0.11272
-0.34929,0.49422
-0.68368,-0.11061
-0.81098,0.037346
1.9631,0.18923
-0.87564,-0.69932
-0.65507,0.027975
-0.29507,-0.3825
-0.58234,-0.084998
-0.5851,-0.11962
-0.4478,0.028746
-0.81164,0.19565
0.87143,0.55118
1.9447,0.5505
2.6473,0.20181
-0.74788,0.14231
-0.71808,0.01166
-0.69191,-0.45023
-0.56456,0.11248
1.151,0.26839
-0.25106,0.20662
-0.59628,-0.14812
-0.88505,0.33319
1.6204,-0.045356
-0.085855,-0.038689
-0.6052,-0.10367
-0.041697,0.039954
-0.66681,-0.03485
-0.56498,0.71726
-0.7403,-0.027908
-0.58411,-0.040027
0.24301,0.321
1.8389,-0.64815
2.6255,0.67376
0.44073,-0.37484
2.1973,0.06348
-0.37349,0.53483
-0.59457,-0.081725
0.3498,-0.45501
-0.60807,-0.22219
0.022667,-0.29854
1.7235,0.50655
0.49509,0.76483
-0.61644,0.0087532
0.44185,-0.12655
-0.70177,0.022288
-0.6974,-0.58748
-0.22866,0.059253
0.2204,-0.0055351
0.34589,0.10945
-0.45262,-0.060762
-0.10599,0.1172
1.1635,-0.30225
-0.63664,-0.15921
0.7338,-0.31054
1.7793,0.025529
-0.24143,-0.74516
-0.74661,-0.085811
-0.10127,0.13818
0.034128,0.48284
-0.58113,-0.096932
-0.066126,0.1568
0.67508,-0.33873
-0.6447,-0.29827
-0.30368,0.20472
-0.61934,-0.072182
-0.9328,-0.64128
-0.26218,-0.64004
-0.63253,0.015025
-0.44333,0.1007
0.17373,0.81329
2.0931,0.40581
-0.58321,-0.012996
-0.067527,0.20221
-0.59575,-0.069017
0.40684,0.15286
-0.73449,0.070431
-0.57939,-0.12074
-0.68854,-0.063484
-0.59414,-0.081519
3.2808,0.054459
-0.30331,0.072318
1.3994,0.0078943
-0.71265,0.13966
1.2786,-0.52919
-0.59373,-0.022958
-0.57431,-0.11047
-0.59908,-0.084241
1.8218,-0.058831
-0.25857,0.085428
-0.31702,0.36382
-0.67429,0.034135
-0.15571,0.19964
-0.73079,-0.0072084
-0.67096,-0.070457
-0.20796,0.10701
-0.77499,-0.11438
-0.62749,-0.32954
-0.75956,-0.052014
-0.60291,-0.080434
-0.67826,-0.23476
-0.60065,-0.071643
-0.12587,0.24764
-0.7867,0.11263
-0.65256,-0.17118
0.82689,0.63577
-0.6017,-0.053703
-0.61518,-0.090642
-0.79288,0.21004
-0.57113,-0.093936
0.62102,-0.088241
0.35934,-0.55311
0.21983,-0.18802
1.3653,-0.063568
0.98051,0.38255
1.5107,0.30825
0.48636,0.37775
0.058211,0.36002
-0.22353,0.076974
-0.041922,-0.042644
-0.3779,-0.24918
-0.63053,-0.056805
0.1967,-0.28715
-0.7271,-0.29163
0.10268,0.38393
1.7369,0.3462
0.93257,-0.45341
-0.059841,0.33551
-0.89468,0.10054
-0.59499,-0.066466
-0.5299,0.22061
-0.11569,0.1259
2.9275,-0.36395
-0.1175,0.30364
-0.21316,0.023041
-0.028007,0.4635
-0.81112,0.18204
-0.10948,0.12607
-0.53969,-0.079981
-0.66375,-0.17382
0.11801,0.098409
-0.69671,0.041559
-0.6474,-0.36467
-0.24547,0.022393
1.2221,-0.046849
0.41293,0.15164
-0.29744,0.34743
2.2823,-0.40041
-0.081114,-0.076308
-0.61826,-0.04159
1.3498,0.076193
2.0713,-0.16631
2.2069,0.072656
-0.20269,-0.18331
2.3469,-0.66351
0.30225,0.2189
0.25937,-0.13309
0.53164,-0.53309
0.26454,0.31789
-0.60148,-0.21941
-0.81134,0.27642
1.8612,0.75015
-0.21957,0.058933
-0.029984,0.39211
-0.66321,-0.23858
-0.75155,-0.27156
2.3144,-0.06215
-0.77809,-0.21465
-0.76634,-0.45218
-0.63756,-0.03371
2.0539,-0.08513
0.1428,0.35116
1.8845,-0.59002
0.18605,0.0033565
-0.21345,0.37297
-0.60987,-0.097863
-0.19815,-0.79923
-0.79622,0.14543
-0.75314,0.048381
1.2918,-0.21698
-0.58711,0.2698
0.17423,0.18307
0.061307,0.19439
-0.2509,0.23159
2.5313,-0.47046
-0.13155,0.091539
-1.1914,-0.12342
-0.074795,0.16093
-0.58816,-0.13952
-0.58667,-0.12757
2.0619,-0.42164
-0.118,0.13061
-0.13989,-0.28058
-0.10238,0.37172
0.2618,-0.25509
-0.5815,-0.12682
-0.63337,-0.10648
2.1488,-0.01652
-0.13447,0.70763
-0.70147,-0.066189
-0.25727,0.90711
2.1295,0.10583
0.92671,0.36714
1.6134,0.17717
-0.63813,-0.13377
-0.6476,-0.20026
-0.62017,-0.023759
0.59713,0.2059
-0.66073,-0.13512
0.3164,0.81105
-0.57263,-0.086879
-0.72868,0.04365
-0.61196,-0.046866
0.83412,0.26059
0.43659,0.072276
-0.62642,-0.022529
-0.71104,0.069669
-0.10351,0.15387
-0.24651,0.28972
-0.36744,0.7365
1.3894,0.63099
-0.0707,-0.30534
0.29599,0.13804
-0.67419,-0.010891
-0.55197,-0.10555
-0.31083,0.47904
-0.46621,-0.01335
-0.9025,0.29421
-0.63478,-0.227
-0.44923,0.48699
-0.63951,-0.091974
-0.63288,-0.030691
-0.66053,-0.059118
-0.57804,-0.047698
-0.65516,-0.082682
0.081238,-0.036682
-0.66298,-0.12203
0.87212,0.42549
1.8866,0.69716
-0.57871,-0.28927
-0.22482,0.32846
-0.68383,-0.096828
1.6993,0.40154
-0.66075,-0.21559
-0.65892,-0.038319
-0.69437,-0.23486
1.3304,0.47521
-0.69172,-0.0026937
-0.2635,-0.88146
-0.36148,0.47076
-0.5939,-0.16611
-0.1649,0.1183
-0.62622,-0.038395
-0.64521,-0.15101
-0.066564,0.79547
2.0003,-0.020827
-0.79927,0.32647
0.043236,0.53585
-0.67142,-0.14153
-0.6905,-0.10503
0.11985,0.23189
0.48301,0.26487
-0.53728,0.12882
-0.66096,-0.13001
-0.63757,-0.056604
-0.593,-0.12038
-0.84255,0.20497
-0.63654,0.012472
-0.57035,0.033591
-0.645,-0.10864
0.81697,0.20108
1.2498,-0.80327
0.29138,-0.10916
1.5008,0.6795
0.45189,-0.080161
-0.65423,-0.043302
-0.76123,0.077866
-0.68881,0.012932
-0.61015,-0.26426
-0.61116,-0.15643
-0.85654,0.29123
-0.64437,-0.052835
1.3302,0.44828
-0.76606,0.19529
2.2692,-0.20788
-0.60347,-0.068042
0.56208,-0.035807
-0.6627,-0.28813
-0.6177,-0.058713
-0.039144,-0.040942
1.9224,-0.34866
-0.67634,0.071696
-0.88228,-0.25407
-0.58799,0.27727
-0.68651,-0.29586
-0.59196,-0.091295
2.0497,0.54033
-0.59711,-0.20921
-0.61076,-0.25697
-0.46952,0.17745
-0.63436,-0.222
-0.68428,-0.19132
1.865,-0.11853
-0.63216,-0.043369
-0.64151,0.19633
-0.62779,-0.1444
-0.31529,0.35417
-0.67133,-0.34633
-0.62137,-0.053465
0.15051,0.37975
-0.33025,0.6377
0.44311,0.25044
-0.62052,-0.13543
-0.64368,-0.01177
1.24,-0.46006
-0.20874,-0.48105
0.27533,0.034972
-0.58589,-0.11155
-0.4086,0.63973
-0.60634,-0.059318
0.001501,0.51477
0.96123,0.052884
-0.30648,0.52972
-0.0032319,0.062073
0.83735,0.45634
0.083489,0.31435
0.48465,-0.4119
0.73546,0.061531
-0.19855,0.13869
-0.24596,-0.023345
-0.59227,-0.10133
-0.71017,-0.40518
0.044902,-0.23045
-0.6858,0.015604
-0.19629,0.29363
-0.18717,0.17299
2.0319,0.63846
-0.6703,-0.01015
1.8981,0.28831
1.82,-0.40366
-0.019146,0.46195
1.6537,-0.45394
2.0242,-0.23904
0.82154,-0.34073
-0.1273,0.17008
0.40517,0.53378
1.3902,-0.36533
0.80875,0.40337
-0.5926,-0.02852
-0.65497,0.057377
-0.60477,-0.064868
0.22311,0.22768
1.7843,0.38429
-0.73611,-0.47041
-0.10683,0.063163
1.1705,-0.5718
0.34627,-0.20975
2.805,-0.012853
-0.58571,-0.045424
-0.18174,0.03943
-0.62858,-0.18123
-0.66034,-0.0098107
-0.42009,0.69944
-0.60184,0.019574
1.5886,0.0038109
0.093625,0.52476
0.4249,0.093733
1.111,0.32703
0.61938,0.22793
0.31168,0.30086
-0.58027,-0.086141
0.34609,0.37316
-0.14808,0.010796
-0.94359,0.33091
1.9305,0.62862
-0.64501,0.51953
-0.72656,-0.40381
-0.55332,-0.073251
1.545,0.17446
-0.72336,0.06895
-0.74971,0.13366
1.3187,-0.16064
0.89527,0.015069
-0.0014375,0.51062
-0.70822,0.076693
-0.64849,-0.14878
1.1755,-0.21859
-0.71127,-0.31257
-0.63312,-0.1308
-0.99568,-0.28404
-0.34976,0.57701
-0.64162,-0.016419
1.3478,-0.90376
1.3089,0.2946
-0.59573,-0.040271
-0.58774,-0.10389
1.0602,0.61321
0.17556,-0.19015
-0.8123,-0.56234
-0.10291,0.43997
-0.16158,0.22209
-0.77101,0.14837
0.23061,-0.15597
-0.44514,-0.33034
-0.7001,-0.3955
-0.67826,-0.058366
-0.69579,-0.24851
-0.67377,-0.19165
-0.26416,0.1292
-0.067371,0.021265
-0.65178,-0.31162
-0.10183,0.276
0.57825,-0.3048
0.50053,0.36087
-0.47323,-0.57625
0.97864,0.055764
0.089181,0.25459
0.87907,0.47643
-0.63587,-0.09279
0.16947,-0.031515
0.93333,0.79069
0.28356,-0.26317
-0.19229,-0.021097
1.1851,0.11724
-0.1939,0.27652
-0.71323,-0.017152
-0.55053,0.14376
-0.7329,-0.5857
-0.67543,-0.28746
-0.082894,0.099738
-0.74994,0.10168
-0.61604,-0.085032
-0.57161,-0.039947
-0.069021,0.44135
-0.69007,-0.067715
0.26189,0.44662
-0.32116,0.48721
0.26851,0.07675
-0.072077,0.047576
-0.035125,-0.4415
-0.56687,-0.07356
-0.13511,0.48873
-0.66787,-0.0057837
-0.67076,0.032121
1.0537,-0.20457
-0.61237,-0.2482
-0.67791,-0.14001
-0.2973,0.4936
0.14372,-0.068288
-0.7101,-0.017471
2.4834,0.029369
-0.58658,-0.066847
1.7117,-0.07354
-0.62669,-0.2406
-0.12421,0.2283
2.0438,-0.29115
1.4451,0.14246
1.7914,-0.58903
-0.65277,-0.38034
-0.62223,-0.21039
-0.73399,0.094092
-0.080548,-0.46928
-0.61,-0.10405
0.23511,0.18628
-0.68008,-0.05201
0.37799,0.17682
-0.16645,0.59104
-0.1801,0.32266
-0.72089,-0.040076
-0.61299,-0.3044
-0.61997,-0.16348
0.16864,0.33501
-0.60058,-0.023659
0.073924,-0.040492
-0.14474,-0.078792
1.1693,-0.13637
-0.54862,-0.11495
0.0772,0.48247
-0.65195,-0.15383
-0.62276,-0.097101
1.5498,0.27625
-0.74319,0.009544
0.62129,-0.044183
1.8724,-0.46524
-0.61327,-0.02188
-0.56281,-0.056014
-0.57917,0.25399
-0.64044,-0.27628
-0.61677,-0.14558
-0.36147,-0.24761
-0.21776,0.43347
0.40146,0.45558
-0.81282,0.26844
-0.027511,-0.10977
-0.57186,-0.099046
-0.67726,-0.034418
-0.044634,0.00765
-0.61171,-0.052155
2.9495,-0.096384
-0.2799,0.19848
-0.6594,-0.12226
-0.58123,-0.11134
-0.6512,-0.018121
-0.38714,-0.1503
2.6197,0.37285
0.48381,-0.0066926
-0.17715,-0.049557
2.1088,0.53747
-0.22954,0.57096
-0.10334,0.45742
0.1345,0.39569
-0.7126,0.031174
-0.60391,-0.21131
-0.58407,0.61497
-0.50523,0.13207
-0.63918,-0.04845
-0.73018,-0.6532
0.080782,0.21968
-0.73674,0.000542
-0.82548,0.013399
0.95405,0.092249
-0.19884,0.26492
0.2427,-0.0074205
0.57712,-0.085563
-0.62018,-0.10991
-0.72323,-0.37732
-0.64452,-0.32911
-0.68472,-0.12099
0.3425,-0.35737
-0.047349,0.12858
-0.16914,0.80545
2.107,0.10704
0.055234,-0.53891
-0.64585,0.035476
-0.087014,-0.22571
0.28658,0.37886
0.362,0.037732
0.34651,0.70874
1.4569,-0.47122
2.1957,1.0111
-0.677,-0.2485
-0.72568,-0.17434
-0.56882,-0.15602
-0.085549,0.16677
-0.25695,0.26816
-0.70079,-0.030778
-0.2247,0.019389
-0.66323,-0.084618
-0.61245,-0.18525
-0.59828,-0.11905
-0.63463,-0.062475
1.4315,0.82727
-0.84156,0.22384
-0.67604,-0.26923
-0.62618,-0.04073
0.29281,0.14876
2.1942,-0.65311
2.3072,0.61326
-0.55573,-0.079276
0.9946,0.72444
-0.2551,0.24517
0.11418,-0.032014
-0.23954,-0.71308
-0.60772,-0.0378
-0.60229,-0.048616
-0.69059,0.049765
-0.075479,0.20949
0.53301,0.83302
-0.10608,0.028329
-0.57859,-0.06215
-0.66341,-0.030272
1.2331,0.64809
0.77423,0.53673
-0.72631,-0.0044866
-0.37465,0.48529
-0.62686,-0.090968
-0.5855,-0.05349
-0.83562,0.082097
1.8008,-0.50762
-0.041509,-0.50354
-0.13517,0.67174
-0.71815,0.12231
-0.080087,0.75861
1.1102,-0.30517
-0.63162,0.0083128
0.3699,0.37625
-0.40188,0.5878
-0.60198,-0.014876
-0.62474,0.0014318
-0.56621,-0.051725
-0.60144,-0.08348
-0.25659,0.058649
0.3183,0.071914
-0.62742,-0.030009
-0.62569,-0.1432
0.41294,0.15271
0.49806,-0.86281
-0.60823,-0.096802
-0.25102,0.29136
-0.83348,0.28216
0.4201,0.085756
-0.75949,0.093993
1.6127,0.44569
-0.73936,0.018579
0.72595,0.015326
0.090316,0.25262
-0.63153,-0.09424
1.2733,-0.016185
0.4859,-0.12735
-0.62615,-0.069629
0.11854,0.22274
-0.5875,-0.10973
-0.93711,0.35585
-0.66599,-0.16069
-0.7218,-0.057534
-0.03071,0.075045
-0.83639,0.1516
-0.6123,-0.10794
0.19471,-0.80308
-0.66356,-0.23218
-0.7455,0.046976
-0.68149,-0.38698
-0.3244,0.39076
2.0547,0.35211
0.16462,0.060436
-0.73853,-0.04836
0.14548,0.010606
-0.023037,-0.78372
-0.71399,0.24324
-0.45887,-0.17866
-0.12412,-0.018661
-0.69485,0.061233
-0.87484,0.31012
0.35829,0.79914
0.80472,0.34002
1.0017,0.18297
-0.69387,-0.54605
-0.73796,-0.14857
-0.57394,-0.11589
-0.72399,0.13852
-0.048565,-0.42299
-0.65486,-0.13881
-0.89249,0.33517
-0.63209,-0.15423
0.10805,0.26827
-0.71478,-0.46102
0.34236,0.032517
-0.74173,0.019223
-0.56891,-0.13521
0.36148,-0.176
3.0804,-0.086796
-0.33591,0.32743
0.23604,0.67484
0.14135,0.34029
-0.69664,-0.1545
-0.25992,0.48647
-0.59515,-0.19177
0.20389,-0.99485
-0.10036,-0.33038
-0.067981,0.2639
-0.63895,0.032307
-0.65374,-0.08895
0.13002,0.088119
-0.59444,-0.066272
-0.60767,-0.1857
-0.63629,-0.063905
0.71428,-0.18658
-0.70853,-0.12881
-0.59211,-0.19114
-0.69803,-0.11144
0.27645,-0.51101
-0.063166,-0.12505
0.71804,0.11777
-0.60103,-0.062393
-0.81794,0.089313
-0.67041,-0.27842
-0.67688,-0.29694
-0.78609,0.1434
-0.72147,-0.49357
-0.74409,0.10239
0.38286,0.056113
-0.71267,0.063881
-0.096953,0.092641
-0.60966,-0.17328
1.1697,-0.2732
1.0176,0.27619
0.17989,-0.3165
-0.64899,-0.015726
-0.79537,-0.23942
-0.38616,0.52111
-0.64642,-0.26922
-0.71322,0.095246
1.6332,-0.040669
1.9002,-0.78666
-0.66348,-0.080926
0.66466,0.19598
0.59688,0.70348
-0.65085,-0.18154
0.1992,0.060983
0.29761,-0.39157
-0.25569,0.36651
-0.62704,-0.064217
-0.72454,0.048339
3.203,0.60732
0.011356,-0.2609
-0.042391,0.43689
-0.65027,0.15837
-0.5831,-0.077747
0.47753,0.17163
-0.59614,-0.086199
0.0040208,-0.15039
-0.65115,-0.15528
1.1202,-0.28068
-0.49234,0.69743
-0.54547,0.038929
-0.043807,0.31977
0.62416,0.056855
-0.64747,-0.030799
-0.17266,0.11613
-0.78965,-0.023696
1.9584,0.41617
-0.63732,-0.031366
1.1272,-0.14438
-0.65803,-0.058727
-0.018274,0.17798
-0.63279,-0.3592
-0.70807,-0.49827
-0.090475,0.22019
-0.2486,0.027779
-0.19798,0.20641
-0.59066,-0.18065
-0.58783,-0.042234
0.16128,0.13597
-0.56192,-0.051023
-0.34548,-0.068261
-0.04994,0.46581
0.96742,-0.09455
0.96969,-0.91371
0.78325,0.3528
2.2251,-0.36729
-0.49015,-0.042501
-0.63623,-0.14922
-0.66713,-0.040744
2.6355,-0.20353
0.43976,0.46827
0.019497,0.19404
2.0746,0.69611
-0.68191,-0.23226
-0.91485,0.22551
-0.17345,-0.05281
-0.67768,-0.051109
-0.60123,-0.098254
-0.137,0.090432
-0.48966,-0.073225
1.5454,-0.55722
0.72129,-0.18443
-0.63938,-0.16145
1.9665,-0.022963
1.2377,0.48595
-0.70392,-0.033811
-0.60714,-0.11339
0.66234,-0.17402
-0.59454,-0.087103
2.6472,-0.48295
-0.41685,-0.22084
-0.60818,-0.021692
-0.25851,0.28638
0.22865,0.10712
2.5074,-0.043733
0.044765,0.28861
1.9184,-0.028014
0.64265,-0.22538
-0.58396,-0.041328
0.58293,-0.33597
-0.34433,0.58619
1.3465,-0.52165
-0.80734,-0.044603
-0.82912,0.28097
0.79238,-0.15305
-0.70377,-0.38855
0.077578,-0.016337
-0.67626,-0.17377
-0.43344,0.6768
1.0274,0.22881
0.047012,0.54486
1.1058,0.092735
-0.84287,0.065303
0.97918,0.73322
-0.11789,0.4339
-0.67775,-0.12501
0.1178,0.41536
-0.84431,0.31371
-0.019156,-0.1014
-0.16904,0.24096
1.2101,0.50572
2.1177,0.14826
-0.55896,-0.061865
1.1477,-0.1229
-0.6097,-0.21774
-0.62008,-0.067858
-0.38097,0.58506
-0.71888,-0.15914
-0.68254,-0.44939
-0.73228,0.087172
-0.81336,0.3457
-0.37478,0.5716
-0.57357,-0.076702
-0.70056,-0.057616
2.4847,0.12979
-0.39021,0.63763
0.46513,-0.42348
-0.097812,0.075557
-0.18491,-0.2272
-0.60806,-0.042431
1.659,0.020418
0.01737,-0.57879
2.4691,-0.2246
-0.35834,0.66046
-0.6172,-0.12019
0.0013999,0.25478
-0.14769,0.0038981
-0.93517,-0.70258
1.1583,0.49694
-0.21638,-0.027054
1.6214,0.15955
-0.61637,0.0074588
-0.60512,-0.04427
0.34698,-0.36552
-0.59549,-0.079001
2.2939,-0.043823
-0.5508,0.65627
0.7287,0.11142
-0.58072,-0.11903
-0.66092,-0.1469
0.76638,0.3528
2.6385,-0.79178
-0.094643,-0.17311
-0.62627,-0.001053
0.74476,0.37893
-0.89765,-0.27937
-0.62231,-0.11357
-0.11986,0.39325
-0.79083,0.10723
1.7933,-0.20337
2.7061,-0.17885
-0.0076986,0.1913
0.77618,0.41589
1.3687,-0.065964
-0.064323,0.33101
2.837,-0.027008
-0.67558,-0.0082361
1.0396,0.4787
-0.22852,0.42455
0.1752,0.78247
1.5142,0.75652
-0.20153,0.064683
-0.46817,-0.029505
1.1761,0.043866
0.8069,0.2333
-0.70592,0.060441
-0.51753,0.71473
-0.74477,0.14178
0.27729,-0.41164
-0.30694,0.51933
0.27372,0.10164
0.062046,0.40328
-0.65611,0.022199
-0.16536,0.24928
-0.30133,0.5651
-0.60466,-0.14773
1.9091,-0.11168
0.21841,-0.2862
-0.3841,-0.021547
-0.80239,0.24471
-0.16415,-0.44249
3.2397,0.24594
-0.052472,0.20676
0.14194,0.35281
-0.64181,-0.011189
-0.11736,-0.27278
-0.68556,0.075126
0.29291,-0.28798
-0.61654,-0.20381
1.0565,-0.13999
-0.63296,-0.3078
-0.83438,0.22974
1.9847,0.15129
-0.85731,0.30808
-0.65356,-0.39801
1.691,0.025314
-0.57759,-0.86811
-0.56865,-0.0694
-0.089553,-0.322
1.7126,-1.0077
0.14643,0.0098784
-0.65998,-0.13251
-0.58018,-0.11046
0.051517,-0.22273
0.067812,-0.37416
-0.7682,0.027353
0.032377,0.32678
-0.59739,-0.0066773
-0.67098,0.05862
-0.6579,0.055333
-0.62966,-0.14515
-0.57708,-0.13338
-0.83589,0.16646
-0.17007,0.25507
-0.7606,0.059797
-0.24823,-0.13256
-0.62915,-0.046676
-0.6394,-0.046103
-0.039938,0.17656
-0.45775,-0.43837
-1.1602,-0.14718
1.516,0.0067404
0.67943,-0.095137
0.23203,0.2304
-0.8899,-0.66999
0.59441,-0.086688
0.26533,-0.10054
1.7193,0.34676
-1.0788,0.41403
-0.80424,0.14191
-0.030933,0.48556
-0.62199,-0.18141
0.53012,-0.41839
-0.20404,0.064409
0.028127,0.50956
-0.71565,-0.23496
0.0065737,-0.37853
2.3367,-0.19151
-0.65273,0.064657
2.9014,-0.066635
0.34716,0.32183
-0.64907,-0.12583
-0.11303,0.63052
-0.67229,-0.23856
-0.58413,-0.15719
-0.70744,-0.30486
-0.62473,-0.061421
-0.10415,0.21846
0.089734,-0.10395
0.15163,0.16127
-0.71953,-0.63462
-0.28108,0.41123
-0.66608,-0.28969
1.5555,-1.1144
-0.87025,0.33318
1.9848,0.17134
-0.15131,-0.018208
0.27617,0.16283
-0.24117,0.098837
-0.54192,-0.08943
-0.60844,0.000569
2.6054,-0.51029
-0.013097,0.087736
-0.62847,-0.16405
-0.1532,0.23661
-0.67374,-0.36946
-0.24418,0.021587
-0.43744,0.55234
-0.60699,-0.053309
-0.71862,0.050518
0.70841,-0.013755
-0.63238,-0.097466
-0.62993,-0.050853
-0.86513,0.32973
-0.71269,-0.26918
-0.62224,-0.083024
1.7389,0.0025066
2.0156,-0.092471
-0.31718,0.40798
-0.64504,-0.10662
0.15935,0.27779
1.2104,0.12895
-0.60765,-0.044073
-0.12605,0.15316
-0.8963,0.21917
-0.62929,-0.16418
-0.22171,0.047151
-0.053353,0.086105
-0.68831,-0.27227
-0.33569,0.59124
-0.62706,-0.26442
-0.63733,-0.15845
-0.67509,0.0045591
-0.2585,-0.056448
-0.92526,0.33217
-0.71628,0.15558
-0.55293,-0.081579
-0.13034,0.28346
-0.54098,-0.13385
-0.13147,0.25322
0.63445,-0.26856
2.1333,-0.22907
-0.64831,-0.05447
-0.23774,0.11189
-0.61093,-0.1987
-0.58901,0.083012
-0.60731,-0.044498
-0.055516,0.13015
-0.64097,-0.16993
-0.38395,0.32596
-0.73714,-0.13014
-0.59803,-0.01116
-0.59816,-0.041126
-0.7415,-0.15744
0.092108,0.29351
-0.71336,-0.22191
-0.64906,-0.079929
0.70037,-0.92525
0.0031102,0.077797
-0.61718,-0.13395
-0.78209,0.036672
-0.28895,0.0028889
0.99203,0.48549
1.4806,-0.86136
-0.59171,-0.053976
-0.64955,-0.01103
0.44237,-0.54841
-0.11023,0.32398
-0.032346,0.28723
-0.60156,-0.12162
-0.032904,0.0077412
-0.67926,0.026403
1.9657,0.13708
-0.41078,0.67869
-0.62883,-0.26875
-0.62484,-0.093263
-0.48964,-0.21165
0.41923,-0.13377
1.8667,0.2932
-0.64703,-0.18533
-0.63499,-0.030578
-0.60591,-0.11967
0.91898,0.63608
0.033315,-0.67843
1.5899,-0.66423
-0.1754,0.16632
-0.69981,-0.017637
-0.080461,0.28142
-0.29681,0.42249
-0.28115,0.34397
1.5114,0.42893
0.58861,-0.63543
-0.56098,-0.080483
0.62853,0.078693
-0.81473,0.028459
-0.043262,0.19291
0.66146,0.12412
0.12721,0.45035
2.4234,0.2095
-0.66781,-0.039024
-0.6457,-0.12487
0.015483,-0.064209
-0.66084,-0.079201
-0.59824,-0.1178
-0.58792,-0.21628
-0.58788,-0.031614
0.85724,0.10553
-0.59132,-0.046518
-0.089144,0.22229
-0.28863,0.29719
1.108,0.35253
0.46011,0.26234
2.6428,0.26256
-1.037,-0.072486
-0.3633,0.57025
-0.0090687,0.54765
-0.76538,-0.085611
-0.67011,-0.090934
-0.60721,-0.024711
0.14647,0.61426
-0.66874,-0.27539
0.59255,0.40756
-0.43536,0.637
0.54637,-0.045518
3.1869,-0.11921
-0.58393,-0.049802
-0.26141,-0.3403
1.731,-0.1083
-0.70813,-0.16166
-0.24745,0.65188
1.2842,0.23558
-0.68138,-0.029246
-0.78024,-0.54881
-1.0166,0.18143
0.63358,0.20437
-1.1097,0.21201
-0.72496,-0.20507
-0.81977,-0.64088
-0.6114,-0.14479
-0.26462,0.60801
0.95276,0.36241
-0.55928,-0.069476
1.2283,0.1227
-0.61947,-0.15953
0.33742,-0.14921
-1.1131,-0.34432
0.1248,0.13381
-0.591,-0.047008
-0.1297,0.18516
-0.72276,-0.035698
0.45949,-0.1568
-0.58419,-0.10424
1.4258,0.35993
1.9602,0.37267
0.17035,0.14068
0.30051,-0.054175
1.0218,-0.2494
2.9416,-0.24865
0.89884,0.43295
-0.76971,0.11691
0.79865,0.18889
-0.40013,0.72985
-0.60285,-0.15917
0.17853,0.33594
-0.67593,-0.049169
0.39085,0.83136
2.0923,-0.28321
0.41653,0.079382
-0.65533,-0.26919
-0.24958,0.29901
-0.645,-0.17506
-0.68772,0.01392
-0.23871,-0.70958
0.047083,-0.051409
0.3086,-0.10567
0.36703,0.038567
2.33,-0.66319
-0.77235,0.098751
3.1541,-0.28375
-0.63294,0.031258
-0.72972,0.094523
-0.56888,-0.062904
2.114,0.66572
-0.037186,0.057902
-0.58864,-0.12214
-0.69093,-0.070546
-0.21816,-0.52633
0.09197,0.28668
-0.48435,-0.054073
1.3452,-0.29848
1.2846,0.20763
-0.66014,-0.27801
-0.77931,0.14832
0.25374,0.064405
-0.75406,0.20237
0.70861,0.37767
0.22694,-0.27376
1.3772,-0.2997
-0.085477,-0.29817
-0.56603,-0.085042
-0.86337,0.30583
-0.62561,-0.085154
-0.71553,-0.40992
1.247,-0.030325
-0.62457,-0.10118
-0.63534,-0.27984
-0.21094,0.28264
-0.18338,0.5285
-0.77014,-0.68739
0.32207,0.073403
0.79107,0.17292
2.2212,0.4803
0.047213,0.31328
-0.62981,0.34996
1.8247,-0.1081
-0.60016,-0.14244
-0.71727,0.086571
-0.78777,-0.60449
-0.66331,-0.14975
1.5314,-0.093542
2.7424,-0.55013
-0.058545,0.23956
1.7634,-0.085893
-0.70943,-0.40536
-0.62174,-0.10223
0.41365,0.3256
-0.23801,0.23656
-0.1599,-0.40502
0.58235,-0.30477
-0.31386,0.55336
-0.57567,-0.09472
1.2316,-0.67578
-0.58513,-0.14654
0.51699,-0.38712
1.6386,0.29318
-0.83883,0.24454
-0.59832,-0.027552
1.9746,0.67831
0.98816,0.46158
-0.68309,-0.35939
-0.6274,-0.043881
0.93636,-0.06696
-0.55849,-0.18005
0.51091,-0.024993
0.1789,-0.80921
2.0827,-0.20615
0.75278,-0.36153
-0.69759,-0.19698
0.46522,-0.62617
-0.6045,-0.10894
-0.61352,-0.17451
-0.68721,-0.078391
-0.70044,-0.14285
-0.66809,0.066225
0.056588,-0.22537
2.0748,0.10039
-0.60694,-0.040008
-0.58689,-0.013175
-0.18695,0.064865
-0.59915,-0.13445
1.3945,-0.35988
0.49396,0.02698
-0.57883,-0.14588
3.0137,-0.36895
-0.6117,-0.051292
-0.60812,-0.1392
0.24546,0.055279
-0.70269,-0.10369
-0.12019,-0.46519
-0.63875,-0.10792
0.0023956,-0.65057
-0.42336,-0.11565
-0.7482,-0.64554
-0.0165,0.41667
-0.58209,-0.14947
0.1149,-0.40275
0.47529,0.05838
0.033705,0.063113
-0.57459,-0.093763
-0.15905,-0.4205
0.28718,0.35142
2.1794,0.7944
1.5298,-0.024784
-0.85313,0.24178
-0.6152,-0.099467
-0.61409,-0.11911
0.51209,-0.051367
-0.69608,-0.063011
-0.72928,0.16565
-0.58879,-0.068906
-0.17433,0.20392
-0.65874,-0.22036
-0.078098,0.069325
0.061553,0.091555
1.8097,-0.70982
1.6081,-0.44752
-0.61634,-0.14669
0.27353,-0.019263
0.025925,-0.83886
-0.98999,0.30986
0.53251,-0.16146
-0.36457,0.03932
-0.87758,-0.66568
0.43982,0.11348
-0.67766,0.020932
-0.74868,-0.19636
0.62977,0.23396
0.043493,0.3827
-0.69434,0.027949
-0.79634,0.18484
-0.74317,0.13762
-0.58805,-0.12663
-0.54183,-0.04845
0.29325,-0.22966
-0.61166,-0.035064
-0.22649,0.054356
-0.65289,-0.012286
-0.59012,-0.14989
-0.55229,-0.11268
-0.23458,-0.045586
0.21519,-0.12142
1.4281,0.2954
0.029905,0.13172
-0.65958,-0.023246
1.5689,0.5837
0.95135,-0.1521
-0.58005,0.0048701
1.9638,-0.49433
-0.01412,0.1414
0.058404,-0.43307
-0.62493,0.00034514
2.4411,-0.03769
-0.56073,0.064768
0.59256,-0.041515
-0.70099,0.0014659
-0.58573,-0.035742
3.1649,-0.38956
0.60508,0.068728
-0.71902,-0.03197
-0.26241,0.29742
-0.68511,-0.33171
1.002,-0.066807
1.1344,-0.011991
-0.62602,-0.063579
-0.70971,0.061214
-0.60144,-0.086207
-0.72369,-0.025779
1.7851,-0.30858
-0.69958,-0.131
-0.63445,-0.028271
-0.45041,-0.013758
-0.66285,0.053574
-0.84605,0.059736
-0.56596,-0.12525
-0.62762,-0.034572
-0.1308,-0.30625
-0.65062,-0.26031
-0.63352,-0.18777
1.2452,-0.45739
0.82752,0.4881
-0.10813,0.32087
0.17609,-0.017081
-0.3358,0.25365
-0.80986,0.25064
-0.75098,0.069898
-0.048231,0.097393
-0.1003,-0.39439
-0.69558,-0.038545
0.0057485,0.055373
0.63129,-0.24454
-0.19049,0.016047
-0.61706,-0.29187
-0.072956,0.21006
0.28674,-0.40012
-0.61774,-0.029207
-0.84774,0.34238
-0.77437,-0.27659
-0.069829,0.15372
-0.17038,-0.049589
1.4447,-0.92215
-0.65909,-0.056466
0.60967,0.37358
2.4187,-0.63248
-0.63951,-0.32922
0.42734,-0.2249
-0.61762,-0.10774
0.06389,0.19639
-0.67682,-0.2462
0.18762,-0.58411
-0.55099,-0.44159
-0.033693,-0.07129
0.55818,0.33945
0.0090256,0.074696
-0.59285,-0.10636
0.9712,0.15588
-0.69965,-0.017253
-0.64234,-0.32446
-0.71046,-0.3213
-0.62762,-0.16204
-0.60144,-0.22097
0.1954,0.029489
0.16786,0.15007
0.11382,0.15899
-0.039799,-0.29133
1.1638,-0.10215
0.64504,-0.32684
-0.58941,-0.16029
-0.21704,0.0054378
0.062187,-0.050581
-0.62721,-0.0080882
-0.63496,0.37566
1.3654,0.24151
-0.028904,-0.21426
-0.3538,0.42966
-0.68048,-0.25009
-0.057675,-0.044589
-0.63327,-0.065439
-0.73968,-0.65792
1.6919,0.3458
-0.53805,0.0077571
-0.61789,0.012541
-0.61581,-0.24545
0.20629,-0.11334
-0.11075,0.5105
-0.23582,0.24641
-0.57003,-0.057174
-0.58739,-0.033648
-0.60895,0.30342
-0.7479,0.016434
-0.81029,-0.3943
-0.22217,0.77229
0.63283,-0.056855
0.1451,-0.77281
-0.67225,-0.096794
-0.74483,-0.63805
-0.26714,0.13011
-0.13301,-0.45748
-0.56226,-0.1082
-0.037284,0.20945
-0.11557,0.22259
-0.26364,0.18292
0.087166,0.30213
-0.62448,-0.071587
2.0185,0.097941
1.0432,0.14889
2.2031,-0.11491
-0.25094,0.0022633
-0.60658,-0.049759
-0.71103,-0.0056988
-0.64547,-0.13017
0.61204,-0.25963
-0.87853,0.23948
-0.19691,0.10133
0.77553,-0.55861
-0.60958,-0.26318
0.45184,0.06406
-0.65722,-0.010576
-0.56169,-0.12686
-0.24351,0.50914
-0.64879,-0.088232
-0.7024,-0.31202
-0.67926,0.040407
-0.63796,0.017215
-0.84634,0.23363
-0.63245,-0.4154
-0.50957,-0.15523
-0.3905,0.44499
-0.61693,-0.22087
0.72535,-0.72172
-0.64627,0.041946
2.1546,-0.34135
0.31282,0.30079
0.034767,0.80925
-0.73272,0.13372
-0.60963,-0.037264
1.6151,-0.13997
-0.57341,-0.051632
0.56606,-0.13948
3.0162,0.11638
1.04,0.27573
-0.29008,0.64207
-0.67087,0.049659
-0.093783,-0.69022
-0.62103,-0.24292
0.33276,0.21783
-0.75186,-0.027423
1.5988,-0.12682
-0.28617,0.758
-0.062813,0.40159
-0.1492,0.16628
1.9096,-0.3233
-0.2913,0.17239
2.0275,0.040269
-0.31593,0.37586
-0.21681,0.34213
-0.13411,0.017506
-0.60906,-0.0027763
0.98747,0.49436
-0.11866,-0.0027164
-0.6133,-0.22533
2.5567,-0.29883
-0.044821,0.30112
0.735,0.47213
-0.58059,-0.035348
-0.30973,0.12083
-0.18123,0.15859
-0.7372,0.04799
-0.5765,-0.11184
0.79714,0.6848
1.3067,-0.24801
0.46688,-0.072218
-0.5529,-0.54798
-0.6309,-0.29565
-0.58302,-0.053541
-0.56094,-0.11978
1.4875,-0.12628
-0.01995,0.39181
2.7144,0.074495
-0.077832,-0.62178
2.3888,-0.016799
-0.63528,0.040057
1.7082,0.65869
-0.28314,-0.16313
-0.61986,-0.021084
0.10085,0.19134
-0.57957,-0.061168
1.9711,-0.85155
-0.75074,-0.14137
-0.3679,-0.1139
-0.77336,0.1892
-0.66829,-0.14302
1.4015,-0.20148
-0.77809,-0.13222
1.1631,-0.0078831
-0.019476,0.30662
1.9133,0.65042
-0.18034,0.27789
-0.65274,-0.019529
0.47506,-0.45453
-0.14889,0.26964
-0.38904,0.50298
-0.56886,-0.11669
-0.62835,-0.079813
-0.55974,-0.13259
-0.17129,0.07872
-0.63027,0.046818
2.366,0.41839
-0.38684,0.67443
-0.3512,-0.37181
-0.69907,0.038867
0.76379,0.27807
-0.48668,0.72714
-0.86483,0.27232
-0.3158,0.21297
0.034999,0.28802
-0.57005,-0.072438
0.35146,-0.033568
-0.070648,0.16391
0.03753,-0.058732
1.155,-0.36352
-0.26485,0.30117
-0.76187,-0.030723
2.2913,0.76043
-0.68417,-0.018615
0.8623,-0.32433
-0.59042,0.0022494
1.2179,-0.46272
-0.96146,0.37412
0.91783,0.16146
-0.88956,0.34013
1.5038,-0.0078977
0.061833,0.31702
-0.59091,-0.066186
1.7556,-0.16044
-0.66655,-0.14602
0.93341,-0.2843
0.13577,0.7337
-0.68247,-0.48329
-0.69784,-0.25762
-0.6467,-0.030481
0.088346,-0.026003
-0.62092,0.0024249
-0.1986,0.32155
0.93631,-0.22377
0.68027,-0.18962
-0.85443,0.29789
-0.57559,-0.040613
-0.59698,-0.090987
-0.31519,0.59545
-0.69992,-0.032047
0.14667,0.05737
0.8641,-0.37728
-0.62501,-0.010515
-0.45125,-0.15757
-0.048468,0.4278
0.11448,0.25369
-0.6929,-0.14651
-0.84277,0.30843
-0.58293,-0.037128
1.3291,0.18099
-0.68909,0.0223
-0.74861,0.87434
-0.56826,-0.096523
-0.27613,0.3902
-0.61181,-0.14784
1.2821,0.060998
-0.74211,-0.0043828
-0.61979,-0.21375
2.8894,0.15111
-0.23728,0.17225
-0.093581,0.41181
-0.703,-0.46706
-0.20409,0.34012
-0.30917,0.45276
-0.12187,0.0034652
-0.68209,-0.14205
-0.11561,-0.3191
-0.059392,-0.19735
-0.69716,0.068063
-0.35788,-0.2734
-0.6042,-0.11462
-0.59155,-0.17364
-0.55251,-0.054786
-0.62955,-0.014933
-0.14987,-0.2314
1.9981,-0.27389
-0.66571,-0.20249
-0.61193,-0.04915
-0.33159,0.44633
0.14468,0.69342
-0.062926,-0.077245
-0.48901,-0.45434
-0.59127,-0.077305
2.9094,-0.11698
-0.617,-0.057175
0.019132,0.18447
-0.77431,0.10257
-0.60601,-0.23111
-0.7245,-0.13485
1.4597,0.61607
-0.57118,-0.055438
0.12056,0.48966
-0.056387,-0.24681
-0.58691,-0.058266
-0.59881,-0.1213
2.1643,-0.67377
-0.56052,-0.083579
-0.55655,0.038474
-0.68631,0.028933
-0.12395,0.37375
-0.69463,-0.59371
0.051068,0.19294
-0.85531,0.30663
1.0411,0.42751
-0.29298,0.69845
0.13744,0.45862
-0.67215,0.062268
-0.58035,-0.050863
-0.65747,0.056992
-0.68583,0.103
1.7076,0.37167
0.11395,-0.25399
0.62205,0.86049
-0.45577,0.67864
-0.59542,-0.025571
-0.61241,-0.16792
-0.75403,0.17221
-0.60289,-0.010948
-0.35198,0.64915
-0.63214,-0.18505
-0.58696,-0.10649
-0.61337,-0.012341
-0.62652,-0.13147
-0.025171,0.19925
-0.66686,-0.0067156
-0.56019,-0.049223
-0.07318,0.14076
2.6798,0.32615
1.1208,-0.46585
2.5807,-0.10193
3.1881,-0.769
-0.67741,-0.43837
-0.61116,-0.12811
-0.056468,0.2111
-0.22677,0.66886
-0.17633,0.25397
-0.58538,-0.12185
0.057212,0.34618
0.95804,-0.10495
-0.69045,-0.32684
0.10405,0.14015
-0.63895,-0.21489
1.054,-0.93029
-0.67708,-0.0037877
0.12039,0.35936
-0.90535,0.36018
-0.82552,-0.094916
0.168,-0.36176
-0.1927,-0.02893
-0.59191,-0.011352
-0.70804,-0.17518
-0.5783,-0.01882
-0.62812,-0.0037432
0.13996,0.35118
-0.40782,0.71463
2.8054,-0.37027
-0.73938,0.17662
1.0097,0.32253
-0.63619,-0.024568
2.4955,-0.45781
2.7321,-0.79017
1.9104,0.60452
-0.73313,0.13854
-0.76271,0.21857
-0.088258,-0.074512
2.6713,0.089107
2.4741,-0.26035
-0.62782,-0.31188
-0.67874,-0.00069292
-0.79247,0.051896
0.99847,-0.46154
-0.90595,0.21709
-0.63019,-0.12976
-0.73479,0.10579
-0.70717,0.025646
-0.18156,0.44799
1.5668,0.087728
0.30687,0.22571
1.5142,0.27893
-0.58509,-0.046187
-0.6147,-0.14094
0.54116,0.15194
-0.57036,-0.093659
-0.29844,0.22906
0.45827,-0.3317
-0.062495,-0.04399
-0.69128,-0.47196
0.75496,0.052717
-0.30236,0.41853
-0.68727,0.017662
-0.58302,-0.094889
-0.29261,0.60697
-0.59433,-0.029794
-0.13769,0.58983
1.0346,0.2027
0.11767,0.0058455
0.49554,0.58263
0.0843,-0.29215
-0.58144,-0.07621
-0.17082,0.041775
-0.7848,0.058794
1.4285,-0.034997
-0.60203,0.098209
-0.75812,-0.59149
-0.55608,-0.088271
-0.66215,-0.23332
0.19109,0.50701
1.4276,0.25422
-0.57893,-0.10956
-0.75526,-0.30841
-0.58838,-0.069828
0.68819,-0.28196
-0.41853,0.65154
-0.65805,-0.18578
-0.6529,-0.098828
-0.26647,-0.039792
-0.26409,0.34232
1.0974,-0.17579
0.18423,0.66355
-0.040461,0.2907
-0.56786,-0.021364
-0.39141,0.59337
-0.70102,-0.0040306
0.057941,0.16786
2.1812,-0.28391
-0.47229,-0.47646
3.3664,-0.76405
-0.64975,-0.39043
-0.70298,-0.57019
0.51753,-0.41271
0.13184,0.10751
0.43712,0.013456
0.020633,0.097715
-0.1369,-0.20824
0.54987,-0.082597
0.2046,-0.22361
-0.11703,0.18354
-0.061008,0.054607
-0.23556,0.26481
-0.59725,-0.05447
-0.68871,-0.1919
-0.7651,0.13317
-0.625,-0.091779
-0.11525,-0.52551
-0.61123,-0.060208
-0.72103,0.047771
-0.64304,-0.22854
0.025795,0.53524
2.1973,0.73468
-0.62419,-0.14165
2.2007,-0.50537
-0.25672,-0.24888
-0.30955,0.42162
0.0288,0.12269
0.70302,-0.079888
-0.13054,-0.03348
-0.25014,-0.019375
1.4399,0.43173
-0.63741,-0.054951
-0.09393,0.57669
-0.5581,-0.073213
-0.70059,0.066179
1.1906,0.65409
-0.17295,-0.0048104
-0.55096,-0.2365
-0.01678,-0.23191
1.1245,0.25459
-0.6291,-0.24876
-0.054843,0.19638
-0.072468,0.28895
-0.29999,0.52349
-0.78554,-0.11473
-0.84524,0.28138
0.30157,0.34019
-0.63883,-0.026265
2.1236,0.036158
1.2093,-0.17567
-0.57134,-0.10316
-0.88052,0.35889
-0.62639,-0.10544
1.0029,0.48878
-0.68644,0.10196
-0.66072,-0.15363
-0.86447,-0.11559
0.44948,-0.0082547
1.206,-0.27517
-0.14095,-0.2595
3.0224,0.2687
1.518,-0.48704
-0.65638,-0.21894
0.55349,-0.46765
-0.59954,-0.012325
-0.1654,0.51626
2.5692,0.68627
-0.044393,0.17271
0.055505,-0.039434
-0.63017,-0.084929
-0.060114,0.23772
-0.79771,0.21665
2.2559,-0.58619
-0.068439,-0.36768
0.23112,-0.31285
-0.84339,0.16241
-0.61948,-0.28063
-0.67021,-0.01942
0.96319,0.21157
-0.60267,-0.26071
-0.73202,-0.14456
-0.14714,0.077467
-0.69317,-0.37519
-0.65652,-0.35565
-0.21647,-0.049719
1.316,0.15419
-0.74383,-0.66577
2.0654,0.053019
-0.20479,0.29928
0.56476,0.39862
0.86212,0.039907
0.68291,-0.69816
0.71897,0.39945
1.0996,0.29159
0.82918,-0.15939
2.568,0.27329
1.9549,-0.21459
0.8419,0.21326
0.012085,0.074294
-0.66111,-0.094419
-0.3007,0.2795
-0.44118,0.16683
0.091912,-0.82914
-0.64927,0.029655
-0.82624,0.2504
-0.71922,-0.45797
1.2,0.013953
-0.67355,0.0047169
-0.64123,-0.2151
2.0477,-0.39217
0.1544,0.25632
1.498,-0.028552
-0.60546,-0.26293
0.66646,-0.17048
0.11958,0.159
0.44477,-0.18012
-0.79521,0.26805
0.86499,-0.15665
-0.70933,-0.58511
-0.70824,-0.25899
-0.59379,-0.17675
-0.68512,-0.061006
-0.5836,-0.11903
-0.053595,0.51746
0.13042,0.21265
-0.47537,-0.040487
-0.34606,0.67849
0.06736,0.060555
-0.75554,-0.013335
0.51251,-0.22077
-0.69249,0.13186
-0.79057,-0.53507
-0.62217,-0.12717
1.336,0.25972
-0.67848,-0.056988
1.3232,-0.17769
0.68948,0.87194
-0.63108,0.0082737
0.32854,-0.1101
-0.60241,-0.16422
-0.69382,-0.09485
-0.62489,-0.011817
-0.22117,0.33328
-0.78762,-0.27821
-0.071203,0.71076
-0.80149,0.13895
-0.70101,-0.5596
-0.70684,-0.60041
0.96478,-0.050306
-0.10872,0.15554
-0.68457,-0.026309
-0.59012,-0.11892
0.83348,-0.10889
-0.079111,0.55231
0.21879,-0.12219
-0.58618,-0.096014
-0.59677,-0.038678
1.7376,0.090795
-0.58703,-0.072051
2.9093,-0.18179
0.60259,-0.059589
-0.60224,-0.1356
-0.30845,0.53229
1.2645,-0.12497
0.24287,0.27552
-0.57673,-0.076323
-0.62854,-0.15791
2.307,0.65168
-0.67555,-0.091188
-0.56724,-0.083503
-0.57163,-0.11803
0.07335,0.8861
0.097698,-0.011391
-0.63485,-0.48827
2.06,-0.0063016
-0.61698,-0.1242
0.323,0.04047
-0.49651,-0.090076
0.32321,0.13929
-0.62213,-0.13708
-0.60222,-0.25391
-0.70318,-0.46051
-0.57423,-0.11608
-0.71343,0.062555
-0.059827,0.070213
-0.73922,-0.45668
-0.66019,-0.14945
0.73525,0.25923
-0.87846,-0.25669
1.3483,0.7184
-0.70373,0.00086726
-0.24937,0.14341
2.3374,-0.19703
1.3488,0.55956
-0.68829,0.030808
0.9915,-0.2707
0.094248,-0.034675
-0.10475,0.095385
-0.57951,-0.089065
-0.64978,-0.00091705
-0.63361,-0.053454
-0.024613,-0.2341
3.4426,-0.64187
-0.41788,0.61437
0.40535,-0.17021
-0.27745,0.34292
0.27547,-0.44568
0.13201,0.075878
-0.66088,-0.3304
-0.60667,-0.057543
-0.19211,0.70338
1.1573,-0.16707
0.045488,0.19345
-0.60428,-0.23295
-0.21411,0.34753
-0.59386,-0.059729
-0.6043,-0.11097
0.047957,0.14568
0.14705,0.67801
-0.094549,-0.85686
-0.60119,-0.052518
-0.67302,-0.064383
-0.086163,0.13563
0.26683,0.45474
0.44477,-0.81117
0.2018,0.095219
-0.40747,-0.12739
1.3136,0.12304
0.31701,0.065569
-0.57279,-0.068871
-0.75899,0.024355
0.37631,0.91489
-0.58324,-0.060844
-0.57558,-0.095308
-0.63266,-0.28833
-0.6373,-0.082933
-0.099645,0.30403
-0.26157,0.40515
0.059277,0.082186
-0.81521,-0.59024
2.383,-0.29038
-0.23404,-0.36628
-0.57975,-0.09656
1.2442,-0.51461
-1.0614,-0.223
-0.67575,-0.13537
1.0454,0.056708
-0.57115,-0.14345
-0.64275,-0.0021326
2.4883,-0.16945
-0.68653,-0.25711
-0.68891,-0.060761
-0.038955,0.58946
-0.12937,-0.091603
-0.3564,0.48894
-0.76851,-0.55212
0.029183,0.62139
0.0091574,-0.20421
0.38861,-0.20033
-0.82171,0.11721
-0.21778,-0.098392
-0.54081,-0.072473
-0.81423,0.2377
-0.73961,0.084105
-0.63487,-0.018285
-0.68954,-0.33847
1.441,0.11656
1.4208,-0.69337
-0.65504,-0.11343
0.23634,0.55176
-0.7717,0.14067
-0.16657,0.074532
1.3191,-0.0040048
-0.7757,-0.62962
-0.25525,0.61394
1.1176,0.021991
-0.1981,0.30351
-0.67518,0.070654
-0.57892,-0.02974
-0.67994,0.0074927
-0.48623,0.29211
-0.7878,-0.34889
1.7351,-0.16572
-0.63867,0.0025627
0.22598,0.44087
0.038868,0.13476
0.47114,-0.58075
-0.57464,-0.092532
-0.10078,-0.36792
0.010723,-0.038844
-0.84492,0.31705
2.3364,0.72764
0.28275,0.82903
-0.2592,0.47053
-0.18883,0.10122
-0.23024,0.20039
-0.64943,-0.31582
-0.20639,0.50812
0.2674,-0.0042577
1.0044,-1.1149
0.15592,0.00661
-0.19865,0.35237
-0.65747,-0.053882
0.025884,-0.34423
0.84857,0.28536
-0.259,0.24422
-0.73422,-0.60495
1.3788,0.45896
1.1216,0.11512
-0.44773,0.75937
-0.69338,0.1218
-0.60131,-0.060787
-0.70013,-0.16226
-0.34189,0.46749
-0.39938,0.44254
2.2086,0.31639
-0.246,0.39429
2.0294,-0.20116
1.4628,0.060829
-0.58071,-0.046153
-0.20116,-0.43641
2.0523,0.55684
0.0058262,0.2104
-0.82574,0.1028
0.60842,-0.26526
0.20494,0.0075935
0.59443,-0.12598
-0.68157,-0.0040384
-0.65223,-0.013382
-0.082448,-0.8196
-0.65373,-0.16863
-0.14259,0.11454
-0.62759,-0.066415
2.6554,-0.011497
-0.59679,-0.17108
0.7579,0.068597
0.20832,0.32493
-0.5748,-0.038968
-0.070852,0.46552
1.4513,0.72031
-0.62593,-0.17804
-0.21841,0.23753
-0.60603,-0.16853
0.96777,-0.87203
-0.67458,0.0055452
-0.0093703,-0.30759
-0.2336,0.037884
-0.65265,-0.16535
0.44898,-0.44946
-0.70898,-0.54507
2.3076,-0.27035
-0.58806,-0.057301
-0.41129,-0.04967
-0.66544,-0.16873
-0.99533,0.3112
0.64763,-0.6514
-0.98368,0.37139
0.34513,-0.12141
0.085275,0.40394
-0.73775,-0.49962
-0.92686,0.07354
-0.47645,0.65134
-0.66778,-0.41594
-0.58785,-0.082862
-0.64934,-0.20602
1.0032,0.2405
1.1546,-0.075268
-0.51644,0.3149
-0.61512,0.0179
-0.7083,-0.59131
-0.64924,-0.12911
-0.18863,-0.011466
0.25198,1.7022e-06
-0.84758,0.30145
2.1022,0.1328
-0.71533,-0.058299
-0.60729,-0.10332
0.19517,-0.22785
-0.61576,-0.018636
0.38573,0.14539
0.36003,0.29149
0.47884,0.33993
0.5543,-0.027118
-0.59867,-0.025093
-0.73352,-0.0073052
1.8025,0.13897
-0.65309,-0.33556
1.3476,-0.099206
-0.61511,-0.08726
-0.75666,0.11312
1.8907,0.075363
0.58785,-1.0444
-0.82755,-0.02651
-0.61567,-0.22544
-0.70262,0.087832
-0.57675,-0.036989
-0.060946,0.33033
0.89299,-0.0023294
0.13785,-0.10073
-0.5856,-0.066272
0.21004,-0.2288
-0.5685,-0.099009
-0.44238,-0.14498
-0.26953,-0.0028449
-0.11144,0.32228
0.048217,0.050416
-0.66352,-0.083941
3.107,-0.01499
1.2349,0.074441
-0.089649,-0.19272
-0.21434,0.21832
-0.57229,-0.010184
-0.5961,-0.13759
-0.049217,0.092313
-0.20619,-0.048157
-0.15763,-0.62828
-0.51051,0.52545
0.36157,-0.0014433
-0.8729,0.29887
0.14659,-0.23561
-0.00014409,0.28175
-0.62107,-0.16041
-0.55895,-0.051634
-0.79344,-0.52483
-0.079492,0.29138
-0.27272,0.80673
-0.20696,0.07526
-0.68142,-0.090656
-0.59168,-0.065158
-0.77671,-0.077557
0.36782,-0.19474
-0.75611,-0.56891
2.3015,-0.40514
-0.69932,-0.034197
-0.74859,0.0042048
-0.62368,-0.037924
0.21666,-0.046552
-0.27617,0.33952
0.15113,0.31016
-0.60173,-0.080287
-0.11981,0.13122
0.30279,0.1126
-0.57404,-0.076037
1.2194,0.45463
1.2898,0.2588
-0.6497,-0.10693
-0.71402,-0.019392
0.21596,0.67266
-0.75455,-0.66569
-0.2608,0.014719
-0.14915,-0.46857
0.12333,0.13095
-0.67441,-0.088085
0.704,0.89453
-0.086134,-0.22582
1.2213,-0.048731
-0.26998,0.41042
-0.084623,0.42998
1.9158,-0.17989
-0.59459,-0.15492
0.77782,-0.041441
0.7538,0.15289
-0.49072,-0.13431
2.4734,-0.23942
-0.17452,0.53686
0.011496,0.24925
-0.83865,0.33066
2.2648,0.21096
-0.62676,0.36669
-0.67282,-0.28419
-0.68829,-0.13026
-0.036773,0.76489
-1.1101,-0.37192
-0.6263,-0.046913
-0.97877,-0.33063
-0.67384,-0.16548
-0.24856,0.34344
-0.58618,-0.024905
-0.59878,-0.11707
0.51733,-0.55555
-0.64017,-0.063639
1.0752,-0.2706
-0.11989,0.41461
-0.018429,0.31541
-0.81234,0.062387
-0.66648,-0.1168
0.99031,-0.3461
-0.60477,-0.080058
-0.15717,-0.19291
1.5221,0.092017
0.38537,-0.13115
0.088502,0.48522
0.88438,0.010822
0.054164,-0.17527
-0.5737,-0.1122
-0.09001,0.2877
-0.71477,0.1524
-0.77132,0.087172
0.3387,0.10046
-0.52478,-0.67959
-0.60526,-0.082682
0.40003,0.19994
0.028097,0.65943
0.46856,-0.73688
-0.66875,-0.084278
-0.62186,-0.05877
-0.60384,-0.2986
0.86686,-0.22753
0.070596,0.26138
-0.70458,-0.27535
-0.8531,0.29822
0.95877,0.020312
0.016446,0.57032
-0.26123,0.26668
-0.73991,0.28345
-0.051908,-0.15336
-0.73571,0.0963
-0.19382,-0.078
0.25042,0.0081003
-0.52253,-0.77286
-0.7308,-0.51089
-0.66975,0.003492
-0.3518,0.98624
-0.14981,0.13789
-0.63276,-0.15156
0.26436,-0.16118
-0.93205,0.13667
-0.69035,-0.13949
0.17161,-0.32701
-0.27914,0.091852
1.9859,0.4343
-0.63526,-0.1727
-0.55939,-0.077359
-0.7372,0.1035
-0.58389,-0.3497
-0.21647,0.66667
-0.71988,-0.233
1.1162,0.027001
0.43379,-0.23628
1.5607,-0.61764
0.79807,-0.17605
0.51618,-0.1418
1.3935,-0.15248
-0.4636,-0.095343
0.030191,-0.24264
-0.49087,-0.043614
0.23393,0.22685
-0.0028652,-0.73473
0.76566,-0.90149
1.6982,-0.1222
1.1329,-0.35392
0.7844,-0.11682
0.48866,-0.12451
0.31212,-0.26919
-0.2312,0.43426
2.5781,-0.03565
1.2052,0.8889
0.14246,-0.32154
-1.104,-0.14048
1.0212,-0.15192
-0.073159,0.09492
-0.62224,-0.13838
1.2067,-0.040986
-0.77103,0.061295
-0.59095,-0.10978
0.25914,-0.14562
-0.54068,0.0060175
-0.62915,-0.085405
-0.58008,-0.093716
-0.57033,-0.091182
0.36077,0.12081
-0.63424,-0.11125
-0.57509,-0.11571
-0.47851,-0.084253
-0.64222,-0.038532
-0.61676,0.23195
-0.89545,0.36705
-0.59228,-0.25933
-0.22935,0.044235
-0.65712,-0.17418
-0.63938,-0.12962
-0.62699,-0.29188
2.1804,-0.4111
-0.25533,0.5452
-0.55015,-0.078879
-0.63939,-0.35745
-0.82067,-0.60036
0.068039,-0.063704
0.068142,0.11678
-0.60868,-0.081624
-0.63962,-0.012908
-0.49783,-0.14082
0.2817,-0.10172
-0.81095,-0.698
-0.57272,-0.097159
0.53304,-0.12914
2.0881,-0.16601
1.7559,0.0093193
-0.52134,0.053774
-0.66139,-0.29401
0.039692,0.20772
0.037558,-0.11057
0.99613,0.14089
-0.74857,0.16386
-0.64507,-0.1683
0.91481,0.38008
-0.8418,0.0073398
1.221,0.053981
-0.6028,0.00040259
1.4838,-0.23719
-0.76726,-0.004823
-0.66247,-0.0048398
-0.64157,-0.12616
0.61553,-0.50237
1.6379,0.17113
1.3357,0.28386
-0.70997,-0.046065
-0.6128,-0.050777
-0.62372,-0.12458
-0.25903,0.12513
-0.60086,-0.0202
-0.59313,-0.018229
0.66696,0.025355
-0.62171,-0.13631
-0.59745,-0.1268
-0.85558,-0.01794
-0.59033,-0.048482
-0.17905,0.65303
0.41433,0.22145
0.26741,0.46636
-0.63846,0.043389
-0.26844,0.32885
-0.64921,-0.15891
0.13054,-0.21294
0.75161,-0.51964
1.5012,0.25018
-0.65144,-0.023121
0.99283,-0.43422
1.2167,-0.9341
-0.34726,0.43276
-0.66902,-0.54174
2.021,-0.066544
-0.10769,0.55621
0.25298,0.49925
-0.17236,-0.29377
-0.86557,0.29796
-0.58755,-0.11907
-0.3448,0.477
-0.59471,-0.092321
0.39056,-0.56304
-0.58691,-0.080028
-0.70085,-0.28169
0.2304,0.69923
-0.73577,0.13182
0.4869,-1.0014
-0.20829,0.24885
-0.066534,0.56486
-0.81643,0.053978
1.5722,0.12827
-0.56397,-0.12549
0.40584,-0.13624
2.2185,-0.069322
1.9831,-0.30317
0.91354,-0.40365
1.1193,0.094312
1.8735,-0.45761
-0.84798,0.37453
-0.57923,-0.072012
0.59439,-0.10656
-0.71106,0.027476
-0.81339,-0.018131
2.5364,-0.26622
-0.73223,-0.033714
-0.27964,0.4866
2.0196,-0.44293
-0.34664,-0.39759
-0.71335,-0.011298
-0.71105,0.074045
-0.34423,-0.05943
0.18895,0.34129
-0.72864,0.0061109
-0.5595,-0.1388
-0.60109,-0.076318
-0.65128,-0.085465
-0.12941,-0.34455
0.088635,-0.041035
0.10377,-0.010742
1.1102,-0.13194
-0.14911,0.73612
1.7991,0.33696
-0.72856,-0.28729
2.519,-0.24096
1.7778,-0.076544
-0.12787,0.24244
-0.6316,-0.073567
-0.66997,-0.24574
3.1034,-0.47086
-0.0055225,0.091649
-0.071198,0.25452
0.58097,-0.30683
2.7962,-0.37476
-0.75128,-0.17732
0.74107,-0.13873
-0.73996,0.17223
-0.61464,-0.0028453
-0.1066,0.18275
-0.14722,-0.49539
-0.62044,-0.021745
-0.88658,-0.75078
-0.62738,-0.23198
0.55512,-0.32017
-0.57718,-0.063741
2.4563,0.097179
1.624,0.49689
-0.56513,-0.085002
1.1151,-0.06497
2.2752,-0.071984
-0.61387,-0.1122
-0.68518,0.046342
2.1483,0.17284
-0.64123,-0.15264
-0.60145,-0.047619
-0.66748,-0.01907
-0.031553,0.0419
0.12585,0.0090448
0.67116,0.3203
-0.76144,0.10299
-0.69619,0.024952
-0.81359,-0.37589
0.113,0.41233
-0.17422,0.12107
-0.42312,-0.17668
-0.15053,0.19553
0.49385,0.37315
-0.2556,0.40503
-0.6435,-0.059695
0.40526,-0.64589
-0.58722,-0.087153
-0.074999,0.17634
2.3414,0.038569
-0.56379,-0.099525
0.34637,0.18042
-0.71325,0.15562
2.2055,0.1488
-0.044366,0.3359
1.3456,-0.066039
0.35324,0.10461
-0.58865,-0.11059
-0.49829,-0.28127
-0.58206,-0.060401
-0.63392,-0.011361
-0.21491,-0.47927
-0.58393,-0.055106
0.10988,0.50354
-0.66235,-0.23796
0.20979,-0.273
-0.63271,-0.04082
-0.72964,-0.48176
0.36948,-0.076041
0.070242,-0.0048199
1.1542,-0.16308
-0.30627,0.47997
-0.21855,0.24179
-0.63498,0.017093
2.4265,-0.067912
-1.1403,-0.15481
-0.59751,-0.092802
-0.6223,-0.18592
2.2066,0.32631
-0.10071,0.46191
-0.23069,0.18194
0.063716,0.19671
-0.69106,-0.31013
-0.1898,0.069144
-0.68318,0.058069
-0.076064,-0.15811
-0.58134,-0.011003
-0.57871,-0.11448
-0.56533,-0.12178
0.23507,-0.17446
-0.28367,0.27689
-0.22334,0.087232
3.0572,-0.0090442
-0.21708,0.21054
-0.59322,-0.05094
-0.64134,-0.25578
-0.81132,0.22271
1.3988,0.011009
-0.73819,0.015955
-0.57076,-0.075594
0.14139,0.62195
0.80208,0.010311
-0.12586,-0.099226
0.76251,-0.066029
0.079051,0.31876
-0.61358,-0.23238
-0.72148,-0.0099973
-0.58607,-0.091082
0.13041,0.12892
-0.43854,0.0012129
1.2308,-0.35525
1.5546,-0.06084
-0.77583,-0.20066
2.1405,-0.079565
-0.34674,-0.52836
-0.68614,-0.1671
-0.58924,-0.091278
-0.65246,-0.094552
0.1304,0.20147
-0.27757,0.62769
0.33586,0.12931
0.14381,0.086866
-0.24885,0.46836
0.15181,0.41857
-0.59368,-0.073983
-0.67671,-0.11241
-0.66859,0.075417
-0.093073,0.20029
-0.71781,0.14543
-0.38452,-0.18588
-0.56703,-0.07493
-0.61888,-0.12074
-0.58338,-0.062485
0.76033,0.60429
-0.74445,-0.25579
-0.77051,0.12322
-1.0141,-0.19186
0.15558,0.41635
-0.7404,-0.5092
1.1074,0.44724
-0.62104,-0.014461
-0.61273,-0.064684
-0.66447,-0.06134
-0.56379,-0.10079
-0.16236,-0.10342
-0.58032,-0.049577
-0.087077,-0.21906
-0.17025,0.41479
-0.96697,0.33955
1.1778,-0.89752
-0.60652,-0.10894
-0.63736,-0.042205
-0.083008,0.11861
-0.62574,-0.31097
-0.69051,-0.29294
0.61418,-0.75911
0.23133,-0.46685
-0.15033,-0.48046
-0.77246,0.14951
0.50301,0.088214
0.4085,0.15884
0.45756,-0.11539
-0.64726,-0.25002
-0.22801,0.23392
-0.62465,-0.059869
-0.30749,0.27044
-0.63336,-0.22474
1.095,-0.18637
-0.81797,-0.50555
-0.59501,-0.10852
-0.65848,-0.087541
0.029942,-0.22714
-0.60903,-0.24067
-0.64689,-0.019919
-0.6787,0.056869
-0.7395,-0.547
-0.050207,0.31356
0.35182,0.25468
0.16174,-0.0013441
2.8011,-0.23848
-0.99754,0.13842
-0.61935,-0.29288
-0.60459,-0.16923
-0.75514,-0.70569
1.2601,0.61985
0.13003,-0.28641
1.186,0.3358
-0.59439,-0.16712
-0.66615,-0.085497
-0.27566,0.26685
-0.13916,0.053771
-0.5682,-0.062352
1.8047,-0.11015
-0.79834,-0.22554
1.6408,0.63209
0.42102,0.10196
0.62857,-0.21475
0.14527,0.39545
-0.71798,0.071829
1.7697,-0.13711
-0.61961,0.098859
-0.62819,-0.1464
-0.65991,0.054214
-0.099371,-0.22678
-0.63052,-0.16028
0.49196,-0.22621
-0.20583,0.3134
-0.58866,-0.041268
-0.10821,0.34981
-0.59062,-0.048162
-0.062765,0.15581
1.0982,-0.20273
-0.59211,-0.040547
0.05497,-0.10322
0.20185,-0.27619
-0.37302,0.51419
-0.66859,-0.39158
-0.68445,-0.29479
-0.58897,-0.064337
-0.63292,-0.0064254
-0.57804,0.81556
0.65728,0.10907
0.28925,-0.21033
-0.19789,0.19141
1.1895,0.31134
2.1002,0.71557
0.053879,-0.04515
-0.57471,-0.087279
2.4119,-0.087928
-0.52463,-0.047085
-0.25182,0.41532
-0.5731,-0.063413
-0.67117,0.20345
-0.18918,0.12467
1.4668,0.052728
-0.65351,-0.096116
2.187,-0.60067
-0.62968,-0.24997
-0.50338,-0.065628
1.35,0.043936
0.24593,0.71494
-0.092546,-0.1925
0.13752,0.34284
-0.63776,-0.26781
0.64645,0.061398
-0.26769,0.33167
0.282,0.33655
-0.60372,-0.043675
1.5427,0.092836
-0.68629,-0.0082106
0.027735,0.28992
1.1969,-0.039957
-0.60804,-0.15071
-0.68114,-0.31115
-0.53004,0.77898
0.37745,-0.26793
-0.60653,-0.16363
-0.17397,0.27462
-0.74116,-0.037098
-0.65569,-0.16831
-0.72507,-0.017206
-0.61408,-0.15254
-0.6376,-0.12186
-0.76155,-0.69605
0.20544,-0.63164
0.97363,-0.64076
-0.59271,-0.10138
0.41791,-0.33529
0.67606,-0.49493
1.2471,0.0018591
0.059617,0.28196
2.4774,-0.12923
-0.64793,-0.039716
-0.40494,-0.087913
-0.468,-0.099983
0.044506,0.16233
-0.68039,0.081961
-0.85564,-0.0091323
0.37485,-0.043448
-0.6711,0.073359
-0.62904,-0.049056
-0.27468,0.52662
2.7398,-0.20793
-0.23799,0.43114
-0.60468,-0.14449
-0.58372,-0.1427
1.0657,-0.10674
0.088258,-0.2518
0.69267,0.54852
-0.59534,-0.044763
-0.018611,-0.0052225
0.35863,0.29196
-0.67591,-0.13455
-0.79892,0.20444
-0.72238,-0.67774
1.1009,0.67302
0.069654,0.3076
-0.75032,-0.58624
2.2004,-0.058115
-0.71724,-0.38679
-0.68602,-0.0033648
-0.87277,0.23245
-0.087304,-0.095964
0.18035,-0.19149
-0.75108,0.1512
-0.63248,-0.1034
1.6323,-0.074336
0.51713,-0.26892
-0.35203,0.44821
-0.63132,-0.040236
-0.58798,-0.11442
-0.17424,-0.69931
-0.67912,-0.0030656
-0.7053,0.0028567
0.13937,-0.21661
-0.21673,0.29468
-0.70968,0.051005
0.67911,0.12918
-0.46013,-0.049064
0.35702,-0.020742
2.4671,0.39043
-0.66226,-0.13825
1.2758,0.51425
-0.0018109,-0.10265
-0.5856,-0.07146
-0.83187,0.29838
1.8603,0.58201
0.039521,-0.093088
-0.57744,-0.10346
-0.083058,0.16787
-0.043533,0.72646
-0.63094,-0.047364
-0.57862,-0.10945
0.54596,-0.33333
-0.71753,-0.44333
-0.0051353,0.1687
-0.75878,-0.14629
-0.6042,-0.16975
-0.62263,0.0088633
0.72999,-0.42563
0.20519,0.42706
0.38594,0.45314
-0.6475,-0.20138
-0.12785,-0.21282
-0.57666,-0.2089
2.8554,-0.67562
1.0701,-0.061365
-0.63808,-0.032506
-0.08063,0.073454
-0.48815,-0.33179
-0.6945,-0.35499
-0.30009,-0.32127
2.7424,0.15555
-0.79266,0.18475
1.3558,0.074049
-0.14685,-0.34267
-0.62584,-0.013355
-0.82627,0.26347
-0.71226,-0.012931
-0.9426,0.25976
2.4131,-0.39915
-0.76487,0.13945
-0.59666,-0.10767
0.12364,-0.10034
-0.13867,-0.20682
-0.72768,0.14238
-0.63795,-0.06514
-0.98614,0.15377
-0.72459,0.087798
-0.23818,0.27225
2.5367,-0.49858
-0.61395,-0.075389
-0.18815,0.20422
-0.1655,0.025426
-0.64723,-0.13145
-0.027444,0.25235
1.5271,0.21199
-0.43543,0.68049
-0.0057915,0.12185
3.2449,-0.10533
-0.20944,0.24707
-0.47312,-0.77895
2.5301,-0.1362
1.6037,0.087787
-0.69616,-0.60302
1.243,-0.34629
-0.63516,0.050886
-0.57081,-0.070335
2.6871,-0.13716
1.7189,-0.039854
1.5203,0.49726
-0.075444,0.0089169
1.7409,-0.30138
1.3682,-0.51789
1.8212,0.44112
-0.28449,0.40453
-0.0041829,-0.2121
-0.57315,0.056143
-0.19886,-0.1685
-0.47626,-0.37978
-0.57379,-0.075353
-0.56932,-0.07703
-0.85756,0.24454
-0.16306,0.086653
0.047374,0.092613
1.542,0.34336
2.4594,-0.099409
-0.60057,-0.056344
0.078242,0.17564
0.264,-0.40645
-0.10609,0.48437
-0.60213,-0.19485
-0.65846,-0.00016539
0.070333,-0.13822
0.93892,-0.00071922
-0.17922,0.020463
-0.58856,-0.12147
-0.61837,-0.1187
-0.75677,0.063752
1.5706,0.84624
-0.53961,-0.016135
1.1376,-0.23835
-0.59826,-0.087018
0.045389,-0.12786
0.16652,0.055326
1.5408,0.76772
0.49754,-0.41709
1.8681,-0.15343
-0.62858,-0.14482
-0.279,-0.13512
-0.18425,0.042063
-0.15523,0.017036
0.41182,-0.77833
-0.67603,0.023604
0.74797,-0.20218
-0.66647,-0.040486
-0.6946,-0.1897
-0.58723,-0.087689
-0.62198,-0.0438
-0.70399,-0.0097947
-0.64351,-0.12686
-0.62691,-0.0030461
-0.67855,-0.36049
-0.58765,-0.10083
-0.64962,-0.073918
-0.58417,-0.0015887
1.2126,-0.36431
-0.76925,0.20541
-0.72379,0.0016282
-0.57272,-0.043801
-0.14939,0.052378
-0.69354,-0.2572
-0.13424,0.6779
1.1531,-0.084526
-0.63964,-0.15594
-0.57837,-0.10098
1.2615,0.66051
-0.62154,-0.034147
-0.61879,-0.25746
2.3029,-0.032444
-0.66919,-0.089632
-0.71469,0.006302
-0.83559,0.19126
-0.89666,0.33217
-0.60328,0.016739
0.046629,-0.014153
-0.5992,-0.10345
-0.57581,-0.060822
1.6765,0.17196
-0.18835,0.10274
0.95709,-0.59268
-0.085517,0.24758
0.086315,-0.087058
0.20532,0.63554
-0.58442,-0.045243
1.6725,-0.045941
-0.16432,0.082158
-0.21386,0.2125
-0.11652,-0.2054
-0.14555,0.18064
-0.54906,-0.058912
-0.60996,-0.023528
-0.60345,-0.09149
-0.68691,-0.089435
-0.57238,-0.093764
0.60312,0.38421
-0.057716,0.060123
-0.65868,0.029992
-0.56965,-0.087051
-0.57923,-0.056917
-0.1857,0.08468
-0.2112,0.21024
1.4394,-0.25508
-0.76038,-0.272
-0.70224,-0.25587
0.57984,-0.26446
2.2566,0.46077
-0.67408,0.045791
-0.77859,0.15216
-0.91631,0.3358
-0.063652,0.049897
-0.49261,0.72822
-0.84837,0.16643
0.62824,-0.28334
0.053276,0.27296
1.168,-0.31013
-0.72355,-0.19966
0.43785,-0.60877
-0.13734,-0.053834
-0.60575,-0.078144
-0.69906,0.058821
-0.37975,0.62373
0.22758,-0.03631
-0.078579,0.11738
-0.23205,-0.63088
-0.33119,0.13432
-0.55908,-0.050311
-0.61978,-0.035593
0.26905,-0.14943
-0.56782,-0.053212
-0.63781,-0.095084
-0.67019,0.063129
-0.65369,-0.29699
1.3938,0.052599
-0.56465,-0.056368
-0.099137,0.21787
2.5429,0.22485
-0.61342,-0.0084916
0.68473,0.10758
-0.64543,-0.088703
1.1791,-0.16419
0.8504,-0.033902
-0.54338,-0.054017
0.3215,-0.023039
-0.076044,0.27358
-0.21944,0.54
-0.39601,0.81097
-0.092119,0.2964
2.1252,-0.097241
-0.63505,-0.035706
-0.61183,-0.10777
-0.10248,-0.54102
-0.75419,0.072811
0.0084526,0.086993
1.8066,-0.49754
-0.61278,-0.2535
-0.65111,-0.16048
-0.60399,-0.052025
-0.57524,-0.058334
2.1658,0.31014
-0.21313,0.22289
1.7253,-0.27529
1.0963,0.47396
0.10644,0.24636
-0.82633,0.21859
0.054104,0.40268
-0.58946,-0.053593
-0.2083,0.19081
0.14589,-0.53874
0.59359,0.076381
-0.72064,0.097959
-0.79357,-0.61905
-0.092403,0.060601
1.1324,-0.4455
0.89996,-0.14357
-0.97991,0.3608
-0.56955,-0.093547
-0.10228,0.10504
-0.58677,-0.048859
-0.26104,0.39061
-0.63338,-0.12115
-0.58399,-0.1289
-0.2439,0.4361
-0.74945,-0.17618
-0.5893,-0.056331
0.053623,0.56336
-0.77779,-0.30889
-0.68334,-0.31584
-0.59524,-0.070965
0.097777,0.47834
-0.81539,-0.63588
-0.63922,-0.35765
-0.17822,0.63685
-0.21999,0.15728
1.2652,0.12717
0.17689,0.59041
-0.70045,-0.33454
-0.11942,0.18406
1.9193,0.024662
-0.65588,-0.05226
-1.0997,-0.10778
-0.63133,-0.19519
-0.60884,-0.029054
-0.22922,0.23342
-0.038877,-0.099051
-0.60415,-0.031647
-0.72276,-0.054936
1.1892,-0.29525
-0.73498,0.11896
0.10609,0.14252
0.53529,0.25457
-0.094155,0.16642
-0.78364,-0.31824
-0.40535,0.62873
-0.6239,-0.041867
1.8939,0.20791
0.84463,-0.063156
-0.60446,-0.10735
-0.64641,-0.041549
-0.62271,-0.13926
-0.7858,0.17147
0.76261,0.02901
0.44839,-0.35903
-0.71217,-0.61643
-0.4095,-0.24483
0.77395,0.25191
1.4297,-0.20125
-0.59997,-0.045131
0.16711,-0.5297
-0.39893,-0.11735
-0.56528,-0.11523
-0.1239,-0.031962
0.24897,-0.33277
0.30954,-0.72727
2.375,0.023808
-0.56703,0.053634
1.0183,0.03833
0.034573,-0.02294
0.67296,-0.041619
-0.64358,0.010471
-0.72836,0.062225
0.12743,0.1069
-0.62131,-0.19899
0.086565,0.0002313
-0.35175,-0.17223
-0.60942,-0.033173
-0.18613,-0.36248
-0.58391,-0.063091
-0.62032,-0.16075
-0.58483,-0.068741
-0.30122,0.15568
-0.65365,-0.20373
-0.068779,0.15719
0.73015,0.044508
0.21089,-0.29961
0.029354,-0.74542
-0.25103,0.40381
-0.64224,-0.032134
-0.79752,0.24241
-0.78449,0.19332
-0.70004,-0.054903
0.94762,-0.50323
1.1303,0.069717
-0.57974,-0.11903
0.34482,-0.19352
-0.18823,0.34391
-0.031061,0.36497
-0.6855,-0.1742
0.50292,0.18877
0.99277,0.043983
2.1972,-0.04369
-0.65736,-0.0090183
-0.019007,-0.12983
-0.59656,-0.10337
-0.61724,-0.16417
0.4369,0.68054
-0.73892,-0.13106
1.5129,-0.38386
-0.72307,0.10979
1.0585,-0.90213
2.5647,-0.39002
-0.22277,0.012083
0.29627,0.020337
-0.65719,-0.071001
-0.80988,0.19288
-0.79455,0.050364
-0.67838,0.019565
-0.22053,0.29961
0.19186,-0.082522
0.088404,0.6345
0.51549,0.15313
-0.57908,-0.10687
1.4831,0.46842
0.67316,0.31615
1.3363,0.32727
1.0608,0.13774
-0.0083932,0.091547
1.9879,-0.10225
-0.82193,0.20235
-0.68078,-0.3353
-0.11828,0.11861
0.34267,-0.19312
0.0032147,0.23332
0.11496,-0.20531
-0.67956,0.12145
-0.6032,-0.037101
1.6265,0.12756
1.1497,0.085139
-0.83032,-0.095689
-0.95795,0.36077
-0.63254,-0.078852
-0.7823,0.12545
1.1663,0.041679
-0.26126,0.4078
-0.20638,-0.41831
-0.70185,-0.15894
-0.22308,0.34054
1.8844,0.43308
0.019855,-0.79622
-0.68893,-0.15301
0.7919,0.26169
-0.59012,-0.013754
-0.62762,-0.21997
0.070103,-0.0046017
0.2737,0.26988
0.94836,-0.15552
-0.72061,-0.57802
-0.64812,-0.087448
-0.21341,-0.19469
0.13099,-0.29932
-0.13642,0.48472
-0.57794,-0.055833
-0.56772,-0.10388
-0.06973,-0.080188
-0.099238,0.2815
-0.63816,-0.05808
-0.18977,0.20434
0.6814,0.26628
-0.63642,-0.023194
0.21346,0.2597
-0.63275,-0.054275
-0.80342,0.17875
-0.6977,0.098792
0.72186,0.47729
-0.59383,-0.12117
-0.058547,-0.17102
-0.68077,-0.49865
-0.63873,-0.1736
2.0517,-0.03297
2.588,-0.44564
0.82569,-0.11342
-0.5761,-0.071601
-0.5713,-0.11605
-0.22685,-0.0019326
-0.15604,0.023012
-0.15886,0.12166
-0.57257,-0.098692
-0.63143,-0.040991
-0.09041,0.3808
-0.62143,-0.24892
0.38427,0.32632
-0.66387,-0.01235
-0.060813,-0.40041
-0.61171,-0.17872
-0.59269,-0.01389
-0.659,-0.23554
-0.14343,-0.42242
0.67702,0.084362
-0.069315,-0.070014
0.14319,0.19907
-0.26203,0.42012
-0.56833,-0.089051
-0.87526,0.3173
-0.61656,-0.17273
-0.61688,-0.18937
2.1055,-0.56157
0.85302,0.21879
0.48186,0.038971
1.575,0.020532
-0.85318,0.23111
0.99879,-0.20147
0.039853,0.36197
-0.61846,-0.027958
-0.20903,0.25626
0.15042,0.12516
-0.054863,0.34823
-0.11858,0.12354
0.82821,-0.012195
1.6374,0.37212
2.4886,-0.070803
-0.59083,-0.13662
-0.97631,-0.83481
-0.6934,-0.025524
1.0113,-0.057011
-0.11616,0.31473
-0.66999,-0.42403
-0.69446,0.086516
-0.17476,-0.23452
-0.65276,-0.19622
-0.57865,-0.050932
-0.59844,-0.044527
1.3386,-0.37056
-0.65448,-0.07564
0.37879,-0.47434
-0.73515,-0.012784
-0.64906,0.018195
2.3672,-0.19151
-0.074933,-0.14796
-0.14492,0.13437
-0.012059,0.54621
-0.56259,-0.095553
-0.76922,-0.050514
-0.71597,-0.022054
2.1503,-0.040682
-0.90839,0.281
-0.75222,-0.19464
0.04576,0.38923
-0.21742,0.28756
2.1958,0.052664
0.11643,0.011184
-0.3591,0.45498
-0.64516,0.013967
-0.81078,0.023576
-0.65256,-0.10542
-0.18806,0.51427
-0.60648,-0.053731
0.55308,0.46511
-0.56087,-0.086072
-0.23868,0.014585
-0.65401,-0.029253
-0.18928,0.15419
-0.64864,-0.32091
-0.60472,-0.09098
-0.74774,0.047695
-0.14598,0.34408
-0.81125,-0.37806
0.97655,0.098741
0.61614,-0.45875
-0.44691,-0.79475
-0.28318,0.37796
-0.94966,-0.36927
0.90461,-0.027359
-0.61234,-0.047282
2.0437,0.13588
0.93656,-0.48994
-0.19433,0.058683
1.1097,-0.09951
-0.64813,-0.0216
1.5291,-0.038323
0.17804,-0.029758
0.10237,0.37585
-0.65403,-0.095693
3.1616,-0.57576
0.76455,0.14041
0.10007,0.0049153
-0.60058,-0.015006
-0.63904,0.038976
2.1291,-0.30562
-0.66236,-0.090185
-0.82719,-0.2855
1.1813,-0.076222
-0.60985,-0.22878
-0.70499,-0.1897
-0.77095,0.23851
-0.66927,-0.13649
-0.011954,-0.46895
0.78645,0.12967
-0.6886,-0.093904
0.16638,0.18417
-0.33685,0.36865
-0.21001,0.28844
0.77369,-0.1849
-0.40322,0.51556
-0.79481,0.21618
-0.63599,-0.082658
-0.67376,-0.44125
-0.60728,-0.16062
-0.62579,-0.053881
0.20639,-0.068948
1.5014,-0.81007
-0.5977,-0.089813
-0.20658,0.023583
-0.78112,-0.15338
-0.64153,-0.24817
-0.63332,-0.21433
-0.25274,0.51256
-0.42958,-0.092963
0.67165,-0.10133
0.25452,-0.21646
0.20894,0.2685
-0.77212,0.21984
0.022047,-0.11031
-0.20751,0.076625
-0.63684,-0.0042044
2.8477,0.14025
-0.58749,-0.17244
0.088203,0.87628
-0.61797,-0.00098452
-0.68018,-0.41437
-0.60113,0.34865
-0.043402,-0.2558
-0.21034,-0.12929
1.8145,-0.16336
-0.14866,0.47054
-0.78242,-0.32194
-0.74045,0.17404
-0.73404,-0.062362
2.591,-0.16611
-0.64058,-0.086922
2.5259,-0.22458
2.2958,0.15984
2.1302,0.080953
1.996,0.20305
-0.093959,-0.56677
-0.60949,-0.045017
-0.57591,-0.10866
-0.61807,-0.069328
0.30457,0.18782
-0.63761,-0.053575
0.87485,0.0093107
-0.2562,0.42996
-0.66763,0.062679
-0.68763,0.082611
-0.36384,0.38627
0.42601,-0.28321
-0.30139,0.43107
-0.43107,0.54241
-0.39732,0.096609
1.4547,-0.80654
0.2213,0.073492
1.0041,-0.15251
1.1441,-0.22284
-0.79589,-0.30565
1.5446,-0.3485
0.81625,0.2548
-0.21215,0.40015
-0.65835,-0.40481
2.0865,0.3628
2.2788,0.38348
0.12134,-0.61112
1.3578,0.027459
-0.34369,-0.085545
1.7032,-0.45931
-0.14787,-0.42607
-0.79174,0.13571
-0.5785,-0.12053
0.047691,0.069476
-0.65875,-0.3951
0.013337,0.088927
-0.63516,0.029328
-0.59547,-0.13701
2.0413,-0.0011796
-0.7223,0.10978
-0.22862,-0.018994
3.0026,-0.0802
2.1024,-0.33776
0.26643,-0.77472
0.67312,0.2598
-0.67894,-0.4963
-0.58562,-0.099691
-0.62111,-0.081434
-0.70976,0.00023329
-0.38328,0.42767
-0.69409,0.061298
0.0161,-0.018104
-0.66019,-0.22166
2.3787,0.48084
-0.71656,-0.18763
-0.18628,0.15567
2.2525,-0.22805
-0.53462,-0.27684
-0.5908,-0.048041
-0.73448,-0.017681
-0.76783,-0.71429
-0.51687,-0.66537
-0.1261,-0.068834
-0.075622,-0.21801
0.37529,-0.21702
-0.58118,-0.20948
-0.67642,-0.28135
-0.60291,-0.054376
-0.59345,-0.09056
-0.12393,-0.036806
-0.30951,0.34182
0.88644,-0.29235
-0.62758,-0.16641
0.086739,-0.019138
-0.46218,-0.16827
-0.27081,0.25834
-0.60869,-0.045087
-0.68725,-0.16911
-0.62538,-0.050197
0.29741,0.2802
-0.050563,0.67692
0.45663,-0.38219
0.31435,0.19915
0.050489,-0.29401
-0.72627,0.080374
-0.13051,0.11703
-0.65791,-0.0098833
-0.70591,-0.46897
-0.59077,-0.091193
-0.64971,-0.23053
-0.59862,-0.040164
2.2574,0.052701
-0.64406,-0.32991
-0.77062,-0.15652
-0.7219,0.17124
-0.63374,-0.14601
-0.12032,-0.23367
-0.68293,-0.10245
-0.11664,-0.42712
0.42594,-0.5768
-0.75751,0.11437
-0.66636,0.02263
-0.60532,-0.25025
-0.76556,-0.075902
0.77141,0.33077
1.8823,0.30938
-0.20765,0.048345
-0.66009,-0.049133
-0.034036,-0.089756
0.88606,-0.85558
0.35774,0.23848
-0.2091,0.13141
0.45687,0.63898
1.6691,0.50251
0.48086,-0.076545
-0.037601,0.25876
-0.17685,-0.1271
-0.92385,0.65976
-0.016416,-0.15226
-0.21563,0.23734
-0.65518,-0.013113
-0.8091,0.0074457
-0.70052,-0.33309
-0.57226,-0.06737
-0.69099,-0.13399
-0.58665,-0.12699
-0.76355,0.18498
-0.44582,-0.060697
0.39624,-0.62193
-0.19877,0.12183
-0.38362,-0.015561
0.056474,-0.43043
-0.27703,0.28325
0.76879,-0.088009
-0.36723,0.56599
1.2775,0.31279
3.1318,0.11937
2.4936,-0.2772
-0.010399,0.28167
1.7511,-0.084052
-0.6329,-0.48435
-0.063101,0.065672
-0.2146,-0.85383
-0.054391,0.16443
0.5739,0.068099
-0.85428,0.28164
0.42997,-0.46327
-0.18732,0.22241
-0.66543,-0.050191
0.85347,0.29378
0.26634,0.22457
2.1555,-0.13056
-0.64917,-0.13866
1.2522,-0.066315
-0.14818,0.57385
-0.0068152,0.49378
-0.66319,-0.054663
1.3701,0.17068
-0.57928,-0.11309
-0.68248,0.0021668
-0.59966,-0.09456
0.017065,-0.21174
-0.15324,0.1082
-0.44971,0.047599
1.0025,0.42295
-0.77096,-0.30313
-0.77555,-0.5211
-0.25449,-0.13006
0.085662,-0.061089
0.043238,-0.03987
-0.60604,-0.067339
-0.6805,-0.061951
2.1049,-0.4349
-0.17898,0.31756
0.76868,0.20343
2.5321,-0.44014
-0.24733,-0.017371
-0.83683,0.14326
-0.58257,-0.091475
-0.37462,-0.39927
-0.65026,0.040425
0.68632,-0.81491
-0.34469,0.36604
-0.20024,-0.93075
-0.109,-0.01589
1.0648,0.42303
-0.84545,0.23521
0.39615,-0.40566
-0.50482,0.69679
0.084882,-0.016429
-0.14464,0.26272
-0.20537,0.29012
-0.4064,0.084526
0.59881,-0.2292
-0.80765,-0.0033502
-0.56618,-0.10311
-0.7112,0.043618
2.4141,-0.55174
0.48858,0.46173
0.12088,0.015981
-0.5828,-0.052466
-0.59134,-0.086966
0.818,-0.11883
-0.56631,-0.077769
-0.76478,0.19175
-0.67364,-0.051691
0.26472,-0.46114
-0.78561,-0.21683
3.0029,-0.16579
0.68673,0.1643
-0.71991,-0.080318
1.1107,0.29109
-0.28254,0.0084778
2.154,-0.58321
-0.60472,-0.19797
-0.18717,0.2721
0.51859,-0.057997
-0.87037,-0.37795
-0.57172,-0.097932
2.1798,0.3842
-0.54666,-0.040896
-0.60202,-0.13435
0.093124,0.18612
1.3022,-0.16852
-0.59985,-0.2035
-0.62024,-0.12425
0.65068,0.19243
0.094156,0.034852
0.3376,0.32208
-0.69838,0.014428
-0.095275,-0.067165
0.025517,0.14183
-0.15441,-0.092221
0.14812,-0.47383
1.0687,-0.34761
-0.6168,-0.1115
-0.28484,-0.58338
0.68462,0.27596
1.9672,0.026223
1.8418,-0.043506
-0.75546,0.052194
0.89815,-1.0125
0.1257,-0.12058
-0.61525,-0.13386
-0.28148,-0.1667
2.2658,0.41445
0.61199,0.82408
-0.64652,-0.038004
0.57469,0.91582
-0.19443,0.083163
-0.96818,0.32601
-0.59586,-0.082063
-0.76292,-0.54622
0.77431,0.042899
2.1578,0.17206
-0.31835,0.27301
0.75027,-0.23626
-0.723,-0.044454
-0.35631,1.009
-0.58205,-0.095763
0.022335,0.058966
-0.26817,0.26255
-0.70497,-0.083629
-0.79682,0.15288
-0.76475,-0.23116
0.71151,1.0348
0.33146,0.10746
-0.6266,-0.24449
-0.92708,0.15563
0.92067,0.024131
-0.47913,-0.41592
-0.60981,-0.060406
-0.59483,-0.023871
0.01522,0.17182
-0.60793,-0.061601
-0.052933,0.52857
-0.64546,0.008696
0.68902,-0.21928
0.013674,0.14562
1.2308,-0.12296
1.176,0.27075
-0.80396,0.12595
-0.64928,-0.32182
0.072916,0.12868
0.39721,-0.77723
0.53449,0.35564
-0.026176,-0.19406
0.19276,0.08765
-0.6155,-0.14578
-0.63847,-0.14819
-0.68778,-0.03005
-0.56916,-0.085537
1.5804,-0.070753
-0.68753,-0.1852
-0.74599,0.14912
2.3706,-0.33926
0.36862,0.45016
-0.72249,-0.28954
-0.21702,0.13026
-0.73958,-0.0094493
-0.61647,-0.10775
-0.57001,-0.07258
-0.60209,-0.10116
0.53618,0.73699
0.20697,0.25629
-0.68029,0.04807
-0.068457,0.04709
-0.60453,-0.08489
0.2564,-0.1886
0.72421,0.13917
-0.68061,-0.070766
0.16666,-0.3175
-0.61737,-0.059256
2.0075,0.093845
0.28692,0.0099442
-0.74581,0.12519
-0.61272,-0.029586
-0.58893,-0.17812
0.79053,0.19626
-0.7595,0.025592
-0.051049,0.075276
-0.049391,0.20775
-0.62487,-0.10961
0.67668,-0.040683
-0.55939,-0.056611
-0.13125,0.49322
-0.7388,-0.69129
0.26173,-0.080565
-0.2185,0.30208
-0.36264,0.67085
-0.639,-0.083942
-0.61911,-0.070844
-0.61436,-0.11512
-0.56326,-0.070587
-0.60555,-0.067731
-0.62647,0.01586
-0.58437,-0.062847
2.5487,-0.51613
1.7756,-0.56661
-0.54412,0.086599
-0.61415,-0.075362
-0.60733,-0.030578
-0.64158,-0.19627
-0.61647,-0.071073
0.7661,0.83619
-0.63201,-0.088283
-0.69387,-0.036901
-0.58219,-0.060076
-0.63576,-0.097003
-0.71497,-0.3495
-0.7807,0.058042
1.5392,0.80439
-0.63065,-0.10613
-0.59533,-0.072822
0.72593,0.22844
-0.58123,-0.067997
0.02674,-0.38543
1.7363,-0.30872
0.25745,-0.39669
-0.60981,-0.17082
-0.056877,0.13319
-0.61673,-0.099144
0.39241,-0.80148
1.6088,-0.92464
-0.58918,-0.045947
-0.2779,0.41896
-0.23491,0.2726
-0.16317,0.13075
-0.5813,-0.10399
-0.41157,-0.32762
0.50243,-0.15855
0.0058697,0.3507
-0.089587,-0.11117
-0.7038,-0.11677
-0.68609,0.03111
-0.2091,0.1268
-0.99869,-0.23436
-0.68386,-0.2743
0.69477,-0.13539
-0.61703,-0.075458
-0.74366,0.071714
-0.2119,0.080809
-0.22846,0.32534
3.0203,-0.033208
-0.61926,-0.068705
-0.9404,0.34728
-0.4713,-0.062216
-0.65101,0.66885
-0.61479,0.2326
0.7044,0.2209
-0.57068,-0.062713
0.29017,0.84333
0.58201,0.19222
-0.86911,0.3044
-0.60463,-0.11949
0.19807,-0.11605
-0.64698,-0.39174
-0.60569,-0.16219
-0.61871,-0.062542
-0.65193,-0.38876
-0.089982,0.26884
-0.58816,-0.066299
0.10744,0.11374
-0.07314,0.59166
2.6209,-0.4102
-0.12093,0.070169
-0.078877,0.22314
-0.63251,-0.025599
1.0681,-0.038557
-0.63072,0.085726
0.18439,-0.152
-0.23122,0.17691
-0.65111,-0.2502
-0.27732,0.22739
-0.1932,0.11634
-0.88324,0.49912
-0.67214,-0.075452
-0.29836,0.28867
-0.65605,0.013895
-0.16876,-0.17385
-0.61192,-0.085501
-0.12581,-0.62555
1.9285,-0.061378
0.92937,0.10451
-0.029599,0.49485
1.1869,0.56878
-0.6858,0.032841
-0.59263,-0.071121
-0.061923,-0.15316
2.0862,-0.40459
-0.87638,0.32675
-0.12543,0.054287
-0.70631,-0.43522
-0.58927,-0.10853
-0.68384,-0.3436
-0.12916,0.067791
-0.059114,0.10614
-0.52492,0.78906
-0.56706,-0.091671
-0.57949,-0.087071
-0.13963,0.61516
-0.23959,0.20718
0.9061,0.0084944
0.69193,-0.093492
-0.5766,-0.076339
-0.0058682,0.61166
1.518,-0.59419
1.1023,-0.22615
-0.23707,0.23285
-0.67154,-0.22013
-0.81908,0.20097
-0.1701,0.26794
-0.054986,0.39796
-0.62826,-0.14405
-0.54532,-0.06206
-0.023475,0.13347
-0.42661,-0.33249
0.35232,-0.0052631
-0.14595,0.23996
0.79074,-0.26569
-0.64117,0.017185
-0.79548,0.31747
-0.56711,-0.062568
-0.061448,-0.43941
-0.24888,-0.044639
-0.64785,-0.31015
-0.63547,0.012546
-0.68702,-0.06343
-0.70392,-0.43702
1.6627,-0.15803
0.59822,-0.33569
-0.59918,-0.11092
-0.53514,0.64603
-0.17718,0.24713
-0.36651,0.61005
-0.63047,-0.080975
1.0093,-0.053818
-0.6907,-0.12222
0.13071,0.11473
0.039909,-0.36303
-0.61479,-0.13922
-0.71553,0.041225
-0.72118,-0.27413
0.23358,0.85259
-0.062108,-0.11831
-0.83395,-0.29589
0.94969,0.14842
-0.49807,0.65216
-0.26714,0.16205
-0.72285,-0.21657
-0.57045,-0.1013
-0.55081,-0.045362
0.67388,0.10023
1.0098,0.27846
0.33208,-0.060573
1.941,0.12939
0.49769,-0.96509
-0.59783,-0.047137
-0.65382,-0.051819
2.6943,-0.14323
-0.18171,-0.34431
-0.22054,0.57895
-0.58855,-0.10391
1.7472,0.0040446
0.010803,-0.03306
-0.03857,0.0045579
-0.62709,-0.056167
-0.56277,-0.13711
1.1911,-0.03532
1.5206,0.53025
2.1735,-0.10581
-0.22092,0.10484
-0.22615,0.026013
0.042264,-0.82223
-0.60732,-0.037465
1.003,-0.58604
1.4824,0.011869
-0.57649,-0.080228
0.95538,-0.18185
-0.25573,0.15553
-0.79643,-0.58238
-0.091059,0.34836
-0.79086,0.2454
-0.086319,-0.18973
-0.59028,0.013432
-0.63666,-0.017333
-0.58793,-0.061189
-0.079334,0.27043
0.67273,-0.85966
-0.68328,-0.2254
0.47597,-0.081445
-0.60013,-0.14596
-0.0011777,0.27063
0.89771,-0.27843
-0.81186,-0.43697
-1.091,-0.11663
-0.58288,-0.16499
-0.60704,-0.09116
-0.74227,0.16615
-0.58987,-0.18479
0.33992,0.63318
-0.64519,-0.24657
-0.63588,-0.050267
-0.59332,-0.11343
-0.056752,0.29713
-0.067182,-0.34588
-0.34838,-0.025086
0.4001,-0.11414
-0.62808,-0.1793
-0.75865,0.038788
-0.61187,-0.14229
0.51108,-0.071582
-0.20156,0.21396
0.19286,-0.13723
1.11,-0.11227
-1.0205,-0.27996
0.063404,0.38175
-0.60143,-0.045054
-0.15384,-0.052151
-0.64662,-0.14933
1.0936,0.047258
1.2111,-0.11208
-0.10116,-0.48983
-0.84844,0.30539
-0.24624,-0.8447
-0.83672,0.29793
-0.63069,-0.039674
-0.61587,-0.10687
0.41363,-0.18532
0.69261,-0.26917
-0.075602,-0.29009
-0.72727,-0.4435
-0.64147,-0.067488
1.5403,-0.1462
2.4761,0.18745
2.0883,-0.050829
1.308,-0.3472
0.032776,-0.14261
-0.68736,-0.42861
0.61764,-0.10112
1.652,-0.14557
-0.72165,0.032293
0.083436,-0.50207
-0.043227,0.42529
-0.64976,-0.34701
2.3862,0.074102
-0.68352,-0.084486
1.2345,-0.32355
-0.55617,-0.13323
1.5626,-0.034783
-0.6579,0.0067038
1.2888,-0.0048625
-0.64483,-0.30609
1.6935,-0.17476
1.4525,0.65138
-0.77384,0.010136
-0.016689,0.5079
0.0095706,0.15933
-0.59199,-0.024428
-0.15707,-0.41213
-0.69075,0.018467
0.71825,-0.45907
2.3666,-0.13816
0.059439,0.19351
1.3449,0.36006
-0.57772,-0.032803
-0.6942,-0.1833
3.0737,0.072088
-0.64329,-0.22719
1.887,0.77144
-0.082146,0.099386
-0.58613,-0.079253
-0.74799,0.10058
0.11164,0.78119
-0.1871,0.11686
-0.05684,0.15371
0.13178,0.27439
0.3656,-0.074058
2.1295,-0.47572
2.7703,0.01475
0.098344,0.086543
-0.45014,-0.10034
-0.65225,-0.23229
-0.60141,-0.066895
1.6103,0.88219
-0.6051,-0.15745
0.85093,0.16646
-0.63584,-0.13513
-0.71454,-0.1591
-0.63223,-0.030685
2.9549,-0.51689
-0.11008,0.54836
-0.73975,0.11805
-0.61431,-0.070132
1.6768,0.49425
-0.50859,0.049547
-0.67267,-0.091166
-0.63237,-0.082996
0.23207,0.07912
-0.1172,-0.26922
1.8271,-0.10334
0.60479,-0.31361
-0.48309,0.81154
1.2661,-0.28754
-0.50194,-0.14365
0.63,-0.019043
-0.18473,0.17851
0.37888,0.15824
-0.57206,0.13176
-0.66384,-0.25873
1.3651,0.18027
-0.60875,-0.11339
-0.71052,-0.0040751
-0.52816,0.11932
1.8954,0.47437
2.4168,-0.46622
-0.62505,-0.099468
-0.50111,0.82284
-0.22455,0.14401
0.67547,-0.3073
-0.60559,-0.089257
2.5288,-0.12742
2.4102,0.0060723
0.8601,0.48912
-0.21703,0.41875
0.033027,0.063561
0.24047,-0.33703
-0.71146,-0.48509
-0.60993,-0.070302
2.4566,0.053357
-0.66811,-0.078651
1.5861,-0.04339
-0.059016,0.47956
0.99505,0.098764
-0.64156,-0.068936
-0.15253,0.39244
-0.66625,-0.12926
-0.72411,0.078295
-0.62015,0.17665
-0.73513,0.0048881
-0.65601,-0.078038
-0.5826,-0.086552
2.3731,0.41398
-0.607,-0.16783
0.12906,0.53796
-0.86893,0.25571
-0.34096,0.40267
1.2936,-0.39594
-0.58237,-0.068246
0.49294,0.19136
0.16082,-0.46977
-0.64973,-0.026431
-0.62545,-0.14005
-0.62275,-0.12002
-0.74001,0.15766
-0.65795,-0.1377
-0.6972,-0.34366
-0.78393,-0.32246
0.37823,0.10681
-0.6149,-0.24868
-0.64769,-0.033201
-0.046267,0.22252
-0.57426,-0.059389
2.0219,-0.07332
-0.24618,0.16323
0.094523,0.10754
-0.14011,-0.2226
-0.31335,0.41862
-0.86683,0.27201
0.71572,0.179
-0.11842,-0.39603
0.76226,0.36631
-0.62088,-0.024696
-0.72766,-0.26701
-0.60569,-0.071604
2.3812,-0.52485
-0.15163,0.014629
-0.44281,0.86181
-0.1515,0.17813
-0.7508,-0.31068
-0.65178,-0.33112
-0.25658,0.222
2.2421,0.062112
3.0629,0.053199
-0.75922,-0.40311
-0.18123,0.047364
-0.51893,-0.085078
1.8622,-0.075324
-0.71705,-0.45072
-0.36816,-0.096549
-0.693,-0.27393
-0.60835,-0.036032
-0.17398,-0.12469
0.36085,-0.68758
-0.29908,0.20988
1.8444,0.30612
1.1943,-0.055123
0.22863,-0.5075
-0.054926,0.25661
0.88947,0.27815
-0.15848,-0.0092411
-0.14589,0.12191
0.88073,0.24279
0.69889,-0.12819
-0.71004,0.11551
0.5189,-0.4407
-0.2155,0.213
-0.75891,-0.24454
-0.66282,-0.36074
-0.61686,-0.029329
-0.011618,0.024065
-0.9103,-0.64454
-0.27484,0.18727
0.75565,-0.051588
-0.86408,0.24101
-0.6256,-0.14427
-0.058757,-0.08877
0.28258,0.7654
-0.59061,0.0024683
2.3296,-0.034941
-0.34439,0.44117
0.013728,0.14476
-0.67503,-0.27754
0.7476,0.13324
-0.13204,-0.24717
1.9832,-0.44537
-0.61877,-0.043845
-0.065211,0.1118
1.5408,0.14055
-0.60245,-0.062616
-0.57124,-0.093273
-0.4225,0.17728
0.66351,0.40643
0.074132,0.37026
-0.61952,-0.044907
-0.27727,0.5047
-0.59505,-0.085616
-0.68018,-0.44978
-0.59475,-0.13056
-0.67102,-0.10889
0.055257,0.3378
-0.58662,-0.10284
-0.61216,-0.083581
0.29923,0.59515
-0.57809,-0.075898
-0.34053,0.52145
2.9873,-0.24649
0.036062,-0.18114
-0.57492,-0.1393
0.84284,-0.073801
-0.6227,-0.05794
-0.70096,0.033007
-0.64327,-0.12115
0.16217,0.13103
-0.78686,-0.2839
1.8732,0.17771
2.1994,0.027412
-0.63662,-0.11654
-0.72624,0.021851
-0.81424,0.13641
-0.62674,-0.032428
0.86145,0.36759
-0.22317,0.48532
-0.5863,-0.091539
-0.5932,-0.16477
-0.58848,-0.10202
-0.50838,-0.31428
0.38281,-0.15191
0.2957,-0.12265
2.4558,-0.1399
-0.17231,-0.047728
-0.69259,-0.32955
-0.25499,0.21069
1.8367,0.1259
-0.2486,0.47498
-0.70657,-0.50536
-0.75194,0.0038463
-0.29903,-0.24031
-0.63718,-0.030643
-0.61344,-0.15924
-0.00075906,0.21819
-0.35657,0.48825
-0.12529,-0.22618
-0.67353,-0.18305
1.4083,0.065492
-0.35459,0.76771
-0.57044,-0.10688
0.19593,0.71532
-0.62356,-0.14741
-0.079728,0.82335
-0.41281,0.41822
-0.62634,-0.23221
-0.13203,0.23072
-0.69155,-0.38312
-0.66748,-0.057973
0.65336,0.37392
-0.27985,0.17463
0.027024,0.041839
0.31616,-0.58236
-0.22062,0.12324
-0.68173,-0.050221
1.7956,0.057701
2.0823,-0.01861
2.0547,-0.40423
0.70903,0.63347
-0.6165,-0.083214
-0.66707,-0.08366
0.66631,-0.1383
-0.68753,-0.31593
-0.61424,-0.025841
-0.57083,0.053661
-0.70794,-0.031085
0.052689,0.0014616
-0.63457,0.040086
-0.65677,-0.094171
-0.56019,-0.075386
-0.64723,-0.10305
-0.22513,-0.46317
0.47214,0.66469
-0.74382,0.035152
0.29885,-0.14547
-0.028141,0.56039
0.45429,-0.10832
-0.60551,-0.033836
-0.60722,-0.14787
-0.6952,0.044324
0.13453,-0.38355
2.1435,0.32993
-0.58037,-0.029914
-0.73471,-0.082555
-0.60009,-0.094529
-0.016369,0.4408
-0.58209,-0.045705
-0.6386,-0.1407
0.072947,0.3584
0.94158,0.41993
2.0149,-0.050325
0.28018,-0.6769
-0.76917,-0.51303
0.542,0.032456
-0.58951,-0.091272
-0.73366,-0.48024
0.0419,-0.46531
0.015837,-0.57198
-0.95081,-0.64773
-0.71206,-0.46572
1.1091,-0.19244
-0.61816,-0.025956
0.0088913,0.43176
0.7017,0.041973
-0.029043,0.29085
-0.56866,-0.10374
0.72388,0.27158
-0.01967,-0.35061
0.09569,-0.56184
-0.24905,0.29441
-0.75852,0.19375
-0.17267,-0.30176
-0.73,0.055974
-0.67414,-0.16947
-0.56794,-0.082934
-0.64863,-0.078304
-0.43907,0.78205
-0.6363,-0.26309
2.7716,0.021316
1.3059,0.79308
3.152,0.54503
-0.088072,0.25442
-0.60517,-0.12375
0.027273,0.66504
-0.67533,-0.043182
-0.27021,0.099266
1.8198,0.02751
0.57389,0.31283
-0.63186,0.018817
0.055377,0.22917
0.82144,0.22263
-0.24586,0.47435
-0.53461,-0.17728
0.28974,-0.77147
-0.13824,-0.53579
-0.20514,0.37129
0.78388,0.21275
0.056987,0.061452
-0.18172,0.44217
-0.60066,-0.76193
0.12893,-0.28707
-0.69513,0.070465
0.13541,-0.16435
1.601,0.33289
0.036842,0.51676
-0.70555,0.077193
-0.68097,-0.40811
0.53432,-0.15592
0.36449,-0.052672
0.30965,0.62951
-0.26326,-0.31629
-0.013826,0.48955
2.6071,-0.12576
-0.58417,-0.12407
0.056636,0.45421
-0.28523,0.38219
1.6408,0.54981
0.94326,0.012064
-0.5975,-0.034045
-0.369,0.70443
-0.22507,-0.23372
-0.19637,-0.25122
-0.66848,-0.21045
0.2839,-0.0068609
2.3412,-0.29119
-0.68464,0.011122
0.50687,0.1306
1.681,-0.11454
-0.69454,-0.153
-0.60236,-0.1634
2.3935,-0.050319
-0.6363,-0.0033392
-0.69589,0.035853
-0.56786,-0.096571
-0.82654,0.29832
-0.10572,0.10648
-0.21126,-0.014258
-0.13749,-0.1942
0.16155,0.061573
-0.69576,-0.41275
0.061231,0.0068335
0.059171,-0.06033
-0.6038,-0.22084
-0.65651,0.050903
-0.86895,0.13073
-0.22742,0.31495
-0.8229,0.0096776
-0.9695,0.35456
-0.84921,0.21173
-0.57059,-0.044705
1.9387,-0.78816
-0.74787,0.11889
0.47152,0.48221
0.062626,0.089359
-0.76194,-0.2872
-0.66718,0.010607
-0.17303,-0.17535
-0.58771,0.38902
0.01291,-0.17482
-0.66027,0.049299
-0.75923,-0.48843
-0.67611,-0.3028
-0.22538,0.15328
-0.56809,-0.063003
-0.39823,-0.20723
1.6531,-0.28142
0.21287,-0.034253
1.048,-0.11596
-0.69757,0.054544
-0.38634,0.51758
-0.45252,-0.1849
0.21762,-0.40189
-0.041463,0.029607
1.3019,-0.034143
-0.27551,0.20958
-0.58447,-0.10148
-0.43243,0.081521
0.819,0.12019
2.7405,-0.52507
0.085857,-0.39564
0.44401,0.080365
1.6023,0.079127
0.34098,0.12846
-0.17355,0.77182
-0.58324,-0.066363
-0.68627,-0.12237
2.5753,0.4941
-0.72824,0.13355
2.2143,0.06783
2.989,-0.52832
-0.099702,-0.71667
-0.64058,-0.19147
-0.70204,0.056331
-0.59778,-0.054803
1.9386,0.14094
0.16486,0.55082
-0.64527,-0.33651
0.030622,0.31287
0.21111,0.34227
-0.60199,-0.20064
-0.79374,0.099224
-0.64892,-0.31032
0.74466,0.042698
0.681,0.099963
2.3777,-0.053786
0.14445,0.44866
1.2136,-0.38489
-0.85811,0.30712
-0.68236,-0.50154
0.46289,-0.086335
0.21251,-0.16842
2.7623,-0.24604
0.84688,-0.065025
-0.11125,0.10611
0.16349,0.095134
-0.57777,-0.1074
-0.43098,-0.084723
0.045378,0.1479
-0.83367,0.27524
0.6949,-0.17189
-0.76696,-0.010934
-0.036602,-0.042992
0.11792,0.73683
-0.082057,-0.21136
1.3244,-0.85605
-0.65303,-0.036547
1.16,-0.013345
0.38404,0.050897
-0.16872,0.72026
-0.60892,0.7606
0.14398,0.10322
2.0951,-0.59465
-0.59784,-0.1089
-0.7045,-0.46115
-0.23878,0.10631
-0.75463,0.15599
-0.75611,0.07934
-0.50444,0.18
-0.33843,0.49426
0.83382,0.055743
-0.16803,0.094953
-0.59912,-0.048459
-0.1299,-0.19996
0.26174,0.026669
-0.5905,-0.093371
0.18695,0.084917
-0.24956,0.050563
-0.68323,-0.088997
0.85048,0.092548
0.56985,-0.044234
-0.82558,0.17901
-0.62697,-0.053998
2.4158,-0.23358
2.7614,0.45815
-0.69585,0.0014672
0.45686,0.012202
-0.87149,0.30977
-0.37177,-0.218
-0.60442,-0.22541
-0.7288,-0.47296
2.1188,-0.31139
-0.55911,-0.040295
-0.70522,-0.10606
-0.6137,-0.11578
1.7471,0.20681
-0.71865,-0.070183
-0.10963,0.37885
2.4116,-0.21518
-0.7688,0.060783
1.1453,0.43137
-0.16991,-0.13942
-0.64656,-0.17949
2.9284,-0.10622
-0.60471,-0.13172
-0.00014204,0.37204
-0.57482,-0.078197
0.13238,0.26046
0.40052,0.29907
-0.28398,0.15745
-0.65534,-0.49295
0.26834,0.19428
-0.27228,0.34959
-0.67497,-0.032986
0.16809,0.055604
0.44124,0.85527
-0.067926,0.18403
-0.75447,0.0056169
0.79526,-0.31486
-0.59658,-0.11201
-0.1361,-0.13012
-0.69117,-0.30677
-0.6239,-0.096512
-0.48207,-0.27716
-0.16717,0.64923
1.0193,0.027823
0.50773,-0.1425
-0.19974,0.5724
-0.64504,0.02736
-0.8116,0.19092
-0.63039,-0.00046339
-0.67087,-0.35125
-0.61446,-0.15377
-0.24578,0.41828
1.645,-0.19091
-0.22071,0.16339
0.14323,0.57482
-0.55901,-0.09592
0.66831,-0.23246
1.5111,-0.098716
-0.32834,0.53712
-0.66122,-0.3831
-0.85835,0.23708
0.90768,-0.44939
-0.61746,-0.064087
-0.611,-0.030494
2.1387,0.017411
-0.60407,-0.012273
0.51139,-0.041366
-0.0065357,0.098434
0.093236,0.29974
-0.57052,-0.043338
3.0619,0.10216
-0.76351,-0.035423
0.39661,0.11441
3.0697,-0.018141
-0.67852,-0.033983
-0.59098,-0.091656
-0.3492,0.57904
-0.85443,0.2075
-0.58084,-0.054008
-0.56425,-0.065739
-0.83824,-0.72623
-0.57364,-0.067879
-0.58294,-0.081322
0.16093,-0.01791
2.4365,-0.23788
-0.59857,-0.11744
-0.69798,-0.30601
-0.033085,0.19964
0.30114,-0.74635
-0.70554,0.15259
0.13076,0.39753
-0.38326,-0.084048
-0.20133,-0.36801
-0.068987,0.37367
0.70634,-0.0082847
-0.6151,-0.08155
0.11257,0.8356
-0.1614,0.21352
1.7548,0.60641
-0.20907,0.039992
-0.70118,-0.34666
1.8647,0.1306
1.6043,-0.084444
2.8117,-0.098611
-0.60836,-0.046926
-0.62101,0.015184
-0.62685,-0.11187
-0.74025,0.12493
-0.6636,-0.33048
-0.59116,6.4155e-05
-0.13393,0.070442
0.97245,0.47129
1.2995,0.3812
3.053,-0.27084
-0.23065,0.23247
-0.60333,-0.16318
-0.69385,-0.26557
-0.88913,0.29366
1.4988,0.5634
0.32,0.39674
-0.60293,-0.080378
0.7121,-0.10448
-0.60689,-0.15501
-0.71933,0.063359
-0.67437,-0.25138
-0.14061,-0.18008
1.3207,-0.042783
-0.7239,-0.32971
-0.60734,-0.13841
2.3087,-0.19612
-0.73289,0.16276
-0.72344,0.040927
-0.11062,0.53601
-0.63514,-0.11354
-0.80803,-0.59608
1.6171,-0.039116
-0.24567,0.4477
-0.20655,-0.42646
0.11568,-0.20377
-0.20645,0.74545
-0.45703,-0.30632
-0.70863,-0.12132
-0.7431,0.22062
-0.58001,-0.1095
-0.10614,0.16406
-0.33391,0.3889
-0.22679,0.23421
1.7099,0.41894
0.42036,-0.84676
-0.18333,0.11702
-0.24612,0.60765
-0.63686,-0.17669
1.5606,-0.18136
0.51832,-0.20929
-0.64896,-0.020839
-0.73689,0.11945
-0.12665,-0.42351
0.34457,0.16876
0.025904,0.072297
-0.78409,0.10489
0.13007,0.76966
-0.62218,-0.01675
-0.69739,0.41261
-0.17597,-0.0063522
-0.6219,-0.13604
-0.57931,-0.088963
-0.61416,-0.083309
-0.63816,-0.19719
-0.67544,-0.22815
-0.55855,-0.097692
-0.91956,0.3194
0.69264,-0.23501
-1.1636,0.04578
-0.88011,0.30154
0.39195,0.39641
0.5436,-0.11466
1.49,0.6983
0.33505,-0.47775
-0.58982,-0.27128
-0.60936,-0.10885
0.11045,0.27514
-0.61995,-0.0013354
-0.72274,0.041207
-0.63025,-0.12335
-0.58663,-0.12655
-0.68272,-0.064361
-0.19678,0.17596
-0.18323,0.43179
-0.71545,-0.19654
1.7885,0.10203
-0.77514,-0.23958
0.89759,0.79721
0.29065,-0.18716
-0.54483,0.81441
-0.86742,0.33293
-0.71829,-0.082105
-0.59917,-0.092889
-0.11734,0.59276
-0.44327,0.067733
-0.79558,0.16145
-0.5945,-0.089066
-0.59046,-0.021471
-0.80118,0.15525
-0.73475,0.065941
-0.6683,-0.072189
-0.66253,-0.17148
1.4755,-0.34303
0.31039,0.38632
-0.64527,-0.14473
-0.84006,0.061248
0.96864,-0.39394
0.1807,-0.32135
1.1497,-0.036833
0.12654,0.095977
2.2423,-0.20706
-0.058786,-0.83219
0.62824,0.083405
-0.66523,-0.36363
-0.66511,-0.35043
2.6304,-0.28808
-0.66446,0.038923
-0.86212,0.28874
0.27984,-0.15349
0.98847,-0.9083
-0.79625,-0.020088
-0.67909,-0.12461
-0.81517,-0.30311
-0.68605,-0.52067
-0.81064,-0.62382
-0.59826,-0.031985
0.7179,-0.36501
-0.59054,-0.060949
2.5021,-0.18526
-0.67193,-0.23068
-0.6338,-0.3055
-0.59447,-0.011028
-0.20266,0.024959
-0.60745,-0.062989
-0.084046,0.77337
1.4471,0.048536
-0.7233,-0.59003
-0.3051,0.37509
-0.58177,-0.056619
0.33554,0.056878
1.8189,-0.13586
-0.76206,-0.33529
1.5943,-0.042458
0.052135,0.70562
-0.77141,-0.011464
-0.44513,0.81123
-0.78224,0.14941
0.51034,0.072268
-0.62146,-0.044299
0.020817,-0.042381
-0.61479,-0.11263
-0.15717,0.15549
0.27225,0.48592
0.81627,0.22491
-0.80104,0.16198
2.5293,-0.079641
-0.70933,-0.13082
-0.38669,0.59942
-0.75838,0.16001
-0.59954,-0.052512
-0.27001,0.4133
-0.59999,-0.12007
-0.0057145,-0.043588
-0.55546,-0.12664
-0.61633,-0.14767
1.078,-0.41599
-0.86375,-0.23577
0.15433,-0.74965
-0.38478,-0.27482
-0.035052,0.085172
-0.29143,-0.38049
0.3268,-0.062171
-0.73088,-0.3235
-0.66801,-0.1825
-0.77956,-0.45824
-0.64815,-0.030223
-0.43331,-0.6697
-0.11582,0.40601
-0.99707,0.37275
0.57154,-0.38362
-0.33182,0.28525
-0.66833,-0.31209
1.0814,0.23174
-0.72035,-0.43945
-0.71053,-0.42697
-0.28594,0.6227
-0.63925,-0.19876
0.51264,0.035785
-0.67957,-0.35446
-0.71052,-0.43511
-0.096325,0.61563
-0.69663,-0.094595
1.716,0.018646
-0.61713,0.0086842
-0.37189,-0.3719
-0.41095,-0.02605
-0.8388,-0.61665
0.87663,-0.41016
-0.2388,0.57476
0.029419,0.32574
-0.65268,-0.41033
-0.062404,0.28355
-0.62885,-0.17352
-0.7278,-0.27457
2.1247,-0.14866
-0.64584,0.20011
2.1282,0.37909
-0.60999,-0.10215
-0.79674,0.18453
0.874,-0.39943
0.0089007,0.22974
-0.70069,-0.15883
-0.023917,0.18955
-0.68522,0.048661
-0.26733,0.15214
1.4068,-0.27232
0.82585,-0.044959
0.033773,0.582
0.53976,0.37961
0.37244,-0.19812
-0.81028,-0.67332
-0.58242,-0.085136
2.0197,-0.26399
0.57003,-0.20661
-0.017482,0.49359
-0.6248,-0.15266
-0.68581,-0.14303
1.3454,-0.87244
-0.028163,0.17648
0.29402,-0.037537
-0.70139,-0.0013851
-0.77408,0.14945
-0.59924,-0.10137
-0.18809,0.25554
-0.75361,-0.13449
0.54457,-0.028889
0.49683,0.29371
-0.0054899,0.24251
-0.56525,-0.074566
-0.61461,-0.068306
0.10552,0.51142
-0.68586,-0.40921
0.66464,-0.026718
-0.40133,0.70378
-0.047739,0.011229
1.0294,0.13955
-0.70442,-0.40602
-0.59861,-0.27231
-0.71145,-0.42626
-0.64871,-0.057566
0.74799,0.25161
0.80277,0.19606
1.2525,0.053367
-0.58205,-0.13463
-0.023361,0.30215
-0.60512,-0.18099
-0.071736,-0.24523
-0.17064,0.84608
2.3096,0.053705
-0.63298,-0.15805
-0.55399,-0.090911
0.088666,0.36716
-0.70638,0.063708
-0.70317,-0.050617
-0.14604,0.4732
-0.7271,-0.15623
-0.68327,-0.10002
2.0484,0.4044
-0.24572,0.19244
0.28652,-0.31787
-0.64523,-0.27389
-0.70101,-0.45067
-0.049256,0.1843
0.025601,0.34108
-0.57552,-0.094809
0.089311,-0.12389
-0.70763,-0.0056575
-0.055989,0.73804
-0.60568,-0.067674
-0.1106,0.28947
-0.64753,-0.0034103
-0.18742,0.12719
0.29518,-0.11769
-0.40105,0.62945
-0.087497,0.16273
-0.87805,0.32534
-0.80215,-0.21228
-0.79839,-0.14497
1.4547,0.082329
-0.66779,-0.11882
0.10757,0.3366
0.40374,-0.081065
-0.68728,0.067535
-0.68866,-0.43268
-0.63113,-0.052796
-0.095957,-0.27404
3.0429,-0.48537
1.9647,0.19515
0.83306,-0.018912
-0.58654,-0.03448
-0.13427,0.62269
2.0045,-0.15457
-0.71459,-0.20717
-0.10914,-0.014664
-0.90082,0.30568
-0.084014,0.44796
-0.58765,-0.21024
2.0351,-0.040279
-0.59049,-0.14515
1.9153,0.43124
-0.61612,-0.08236
0.38325,-0.079298
3.0094,-0.17592
-0.55865,-0.092137
-0.78335,0.095939
3.0056,0.08875
-0.68494,-0.07955
1.7583,0.26313
-0.14242,0.12974
-0.22727,0.048335
0.077745,0.4972
2.0771,0.69548
-0.83853,0.28428
0.050865,0.67737
0.80105,-0.21809
0.01097,-0.25731
0.080114,0.26338
-0.048482,-0.53741
-0.19421,0.1839
-0.86136,-0.20431
0.23725,-0.038386
-0.49961,0.62517
0.27093,-0.025582
-0.1067,0.11821
-0.59221,-0.079814
-0.78862,0.18884
-0.2832,0.30033
2.9591,0.47741
-0.63893,-0.12752
1.6119,-0.11444
-1.0582,-0.11268
-0.046496,0.08075
1.7707,0.34025
-0.27509,0.13307
-0.037518,0.14232
0.087605,0.42448
-0.6369,-0.26405
-0.63392,-0.035575
-0.74738,-0.062645
0.22978,0.16312
0.48664,-0.013571
0.66811,0.29324
-0.12811,0.75579
-0.22592,0.64507
-0.83696,0.3059
0.22145,0.032814
-0.85928,-0.013612
-1.1185,0.026987
-0.65248,-0.18369
1.4489,0.041416
0.78924,0.71028
0.30132,0.11966
2.943,-0.25562
-0.64323,-0.10967
-0.36255,0.79156
-0.62931,-0.10754
-0.68994,0.027447
-0.64336,-0.20435
0.64738,-0.0080698
-0.56571,-0.052247
2.1723,-0.41781
0.31556,0.15465
-0.48665,0.45164
1.9714,-0.20735
1.6405,-0.096204
-0.60411,-0.10083
-0.54468,-0.056741
-0.58652,0.00017352
-0.60177,-0.30841
1.1418,0.67646
-0.91971,0.35196
-0.61498,-0.48078
-0.56118,-0.18654
-0.0013317,-0.096581
-0.86377,0.28862
-0.18715,0.045617
-0.73721,0.003737
-0.14535,0.12528
0.17519,0.66426
1.1908,0.10785
0.12538,-0.032661
0.75767,-0.62829
-0.68654,0.042892
-0.70529,-0.35733
-0.22808,-0.0942
-0.093575,0.42396
-0.63026,-0.054437
1.1169,0.31569
0.0081146,-0.23259
-0.057221,0.5667
-0.64157,-0.061829
-0.65305,0.017551
0.28071,-0.24627
1.0354,-0.31088
-0.1072,-0.088321
-0.78333,0.2063
0.1308,0.10476
1.2585,0.082101
1.2197,-0.18563
-1.1002,-0.014789
-0.69353,0.055682
-0.1858,0.0050187
-0.63247,-0.16329
-0.60376,-0.016263
-0.55004,0.55322
-0.67088,-0.20798
-0.49363,-0.60966
2.3607,-0.33161
1.2795,0.056232
-0.6914,0.03054
-0.59906,-0.19526
-0.65728,-0.11437
-0.98415,0.15525
-0.62475,-0.020056
0.11517,-0.16429
0.52038,0.25562
-0.59715,-0.1004
0.51608,-0.24219
0.38825,0.86038
0.23095,0.19421
0.32931,-0.072305
-0.33054,0.6928
1.0314,-0.43183
0.37786,0.020563
-0.47181,-0.093947
0.75595,-0.30603
-0.5608,-0.078962
-0.58975,-0.032535
2.0513,0.33542
0.49393,-0.11006
2.0253,-0.13911
-0.58904,-0.070833
1.0034,-0.052253
-0.2604,0.4431
1.294,-0.25762
-0.7005,-0.25621
-0.69046,-0.032179
1.2629,0.29007
-0.63113,-0.17192
-0.6142,-0.086245
1.0627,-0.38635
-0.67953,-0.16935
-0.17078,-0.0072087
0.49729,-0.10618
-0.7516,-0.51722
-0.58927,-0.1057
-0.6117,-0.1268
2.4523,-0.16028
-0.1515,-0.10849
0.6869,-0.17439
1.9091,-0.17037
0.12225,-0.76826
-0.015933,0.064481
-0.20656,-0.71807
-0.68979,-0.079341
-0.29796,-0.90043
0.75843,-0.39248
0.55585,0.47377
0.32943,0.32141
-0.6945,-0.40575
-0.091336,-0.34291
1.1584,0.028791
-0.1206,0.24611
-0.012718,0.1704
2.7602,-0.36035
-0.65971,-0.074598
-0.68415,-0.1764
-0.63049,-0.0035087
2.2058,-0.027206
0.21519,-0.14517
0.23981,0.22597
1.4059,0.23542
-0.575,-0.044089
2.0591,-0.055444
-0.59663,-0.044908
-0.18001,0.042527
-0.56555,-0.14073
-0.57739,-0.064401
-0.56598,-0.087077
0.83797,-0.86966
-0.69037,-0.098436
1.3636,-0.3829
-0.070193,0.067692
1.1869,-0.1974
0.51104,0.36001
0.48522,-0.063839
1.3718,-0.24044
-0.58619,-0.096471
-0.73599,-0.70429
2.2109,-0.14041
-0.60488,0.14341
1.9174,-0.64627
-0.63332,-0.098255
-0.50794,0.028268
-0.098839,0.31064
3.1765,-0.0044742
0.56238,-0.10835
1.0735,-0.23395
-0.61188,-0.12386
-0.62522,-0.11408
0.39085,0.10375
-0.64095,-0.32006
0.014757,-0.69913
0.26202,0.68745
-0.61418,-0.1188
-0.095655,-0.13573
-0.86189,0.27293
-0.6839,-0.0996
0.34232,-0.44316
0.31297,-0.34316
-0.62999,-0.074964
-0.59187,-0.035336
-0.60024,-0.067047
-0.32574,0.40787
2.3022,-0.78133
3.0221,-0.54112
-0.1348,0.095758
1.2891,-0.14934
-0.77412,0.64886
-0.83712,0.21608
0.17534,-0.039363
-0.54725,-0.058094
-0.57632,-0.022788
1.0054,0.73156
0.30114,0.21396
-0.09264,0.16818
-0.0085795,0.82778
-0.77853,0.21338
0.43359,-0.094613
-0.45453,0.0046162
-0.73244,-0.10709
-0.66133,-0.21131
0.0070368,-0.080058
0.3207,0.59156
-0.57251,-0.027489
-0.1805,0.1082
-0.2049,-0.030038
-0.64305,-0.1682
-0.057309,-0.083678
0.20172,0.13237
-0.22617,0.42829
0.94091,0.042395
-0.72301,-0.51149
-0.76694,-0.010017
-0.79679,0.16469
-0.69378,-0.071761
-0.63332,-0.23439
-0.59734,-0.10852
-0.48095,0.036851
-0.6397,-0.074987
-1.0499,0.41671
1.3948,-0.39778
-0.71825,-0.14505
1.5916,-0.066975
1.2034,0.11058
-0.24648,0.23401
-0.10694,-0.3142
2.604,0.042313
0.016618,-0.13226
-0.17399,0.54047
-0.5844,-0.04928
-0.60704,-0.084353
-0.87121,0.29328
-0.69613,0.066854
-0.60497,-0.10015
-0.60424,-0.021215
1.243,0.2094
-0.63306,-0.033808
-0.58327,-0.14607
0.084953,0.031438
0.087361,0.0003262
0.5352,-0.15915
0.6311,-0.1083
-0.71285,0.026982
-0.92023,0.34817
-0.57247,-0.26184
-0.30374,0.4159
-0.22667,0.46816
1.3952,-0.40082
2.1054,-0.36927
-0.5981,-0.055871
1.0078,0.1552
-0.67224,-0.14362
-0.16856,0.62032
-0.5977,-0.086197
-1.0441,-0.08385
0.85185,0.08077
0.60385,-0.10457
-0.67739,-0.038377
0.38695,0.27349
-0.63808,0.010721
-0.69715,-0.043526
0.27633,-0.15267
-0.5893,-0.028265
-0.65912,-0.34233
-0.39814,0.38191
-0.58172,-0.094901
-0.74533,-0.0075163
0.024765,0.026348
-0.18082,-0.0029829
-0.62792,0.015302
-0.023362,0.57286
1.8653,0.16232
-0.03189,-0.34427
0.93833,0.078234
-0.58967,-0.021267
-0.62137,-0.030185
-0.59497,-0.11995
0.0010005,-0.13058
0.15803,0.18994
-0.66274,-0.25472
-0.64616,-0.33727
0.91415,0.55404
0.4252,-0.1211
-0.70249,-0.080322
-0.62522,-0.23144
1.0771,0.59038
-0.71732,0.14551
0.81448,0.096235
-0.57103,-0.09546
-0.097377,0.16706
0.14301,0.30996
-0.1974,0.37478
0.15172,-0.023908
-0.57401,-0.067207
0.42707,-0.11689
-0.56446,-0.10373
-0.58013,-0.17656
0.29121,-0.15241
0.21413,-0.33513
-0.92032,0.33339
-0.054759,-0.2964
-0.19122,0.16238
1.8393,0.079506
1.1125,0.66767
-0.73345,-0.095751
1.8545,-0.032922
1.7146,0.19385
-0.43815,-0.5313
2.956,-0.34856
-0.61061,-0.068096
-0.6884,-0.16087
1.2891,-0.3777
-0.10111,-0.23866
-0.59621,-0.13787
-0.58287,-0.06238
0.060067,0.12705
-0.64237,-0.23541
-0.18431,0.16097
-0.61404,-0.24039
-0.6456,-0.042059
-0.67871,-0.097487
-0.21141,0.26271
0.30526,-0.093031
1.4827,-0.052225
-0.40471,-0.45547
-0.62189,-0.05807
0.2411,0.025775
0.86021,0.4315
-0.56308,-0.065462
0.13084,-0.24529
0.20488,-0.0050299
0.31733,-0.020802
2.1057,0.87763
0.060027,-0.14683
-0.36893,0.48965
-0.56681,-0.11532
-0.70961,0.081228
0.84293,-0.045832
-0.6749,-0.007063
-0.045668,0.37705
-0.25833,0.15722
-0.41455,0.64997
-0.75278,-0.040132
-0.6264,-0.2829
-0.6653,-0.096671
-0.66165,-0.30592
-0.5726,-0.070107
-0.8265,-0.19901
1.2279,-0.15586
0.33669,0.37348
-0.14706,0.57369
-0.72027,-0.16961
-0.7736,-0.053165
-0.17442,-0.77198
-0.12753,0.45281
-0.10482,-0.44221
-0.64638,-0.20489
-0.11179,0.23248
-0.1832,0.071
0.13806,0.042045
-0.66991,-0.24634
-0.58845,-0.15797
-0.0066433,0.29229
-0.23561,-0.084874
0.007905,0.70797
-0.72319,0.12157
0.45795,-0.4002
-0.77044,0.018822
-0.18673,0.16318
-0.75472,-0.014703
-0.62543,-0.05963
0.22163,-0.23899
-0.76765,0.1022
-0.70451,0.056552
-0.58448,-0.056569
-0.059105,-0.19704
-0.66901,0.06097
0.19083,0.28199
-0.71677,-0.0052087
-0.62979,-0.10796
0.70459,0.43564
-0.078416,0.036333
-0.63119,-0.045624
-0.62566,0.040167
0.95069,-0.36637
0.8419,0.6437
-0.74033,0.14509
-0.11826,-0.27782
-0.23872,-0.065078
-0.59745,-0.1186
-0.026566,0.84161
-0.65041,-0.090216
-0.77911,-0.58448
0.73933,0.45819
-0.018344,0.34648
-0.18595,0.10366
0.6045,-0.031417
-0.71456,-0.12776
-0.59237,0.0071894
1.1116,-0.50715
0.54744,-0.083836
0.051149,0.56671
-0.23936,0.64176
-0.70117,0.032405
-0.58899,-0.0048346
0.90771,0.26558
-0.12126,0.16924
-0.54593,-0.079881
0.31212,-0.38185
0.61899,-0.18017
-0.035762,0.29824
-0.024603,-0.80413
0.083495,0.25414
-0.82338,-0.60328
-0.66761,-0.12679
-0.59397,-0.12399
2.2822,0.13781
-0.67365,-0.25183
-0.71703,-0.027626
-0.099451,0.12088
0.1342,-0.25863
-0.59032,-0.10205
0.99566,-0.67998
0.75338,0.23665
-0.65648,-0.32365
-0.5986,-0.071739
-0.082555,-0.44373
-0.59156,0.035932
-0.70416,-0.0034833
0.21317,0.0060248
-0.64012,-0.20038
-0.63614,-0.0708
0.81424,-0.40563
-0.8277,0.17428
0.64708,0.18214
-0.02237,0.19507
-0.5761,-0.082785
-0.58858,-0.049045
1.1637,-0.18852
-0.68995,-0.51713
0.58541,-0.10831
-0.15594,0.64803
-0.25921,0.36147
-0.22115,-0.044546
-0.27665,0.2484
1.5769,0.25233
1.4214,0.35468
-0.42528,0.28948
0.44298,-0.021668
-0.23561,0.032679
-0.8005,0.15699
1.8827,-0.25256
-0.69023,-0.22679
-0.65503,-0.38916
-0.17887,-0.15558
-0.30634,0.51572
-0.61901,-0.22259
-0.7395,-0.10853
1.3504,0.64731
-0.59611,-0.12557
1.1747,0.6643
-0.33396,0.4697
0.37375,-0.43767
-0.12612,0.49115
0.4946,-0.34615
1.9945,0.036719
-0.55533,-0.020951
-0.59297,-0.01039
0.023997,-0.051577
-0.7037,-0.62623
-0.18873,0.28494
1.8031,0.0048002
-0.82529,0.10543
-0.67931,-0.15579
0.0087639,0.25355
-0.19863,0.14162
-0.364,-0.61583
0.34368,0.15032
-0.51642,0.59839
0.35295,0.4169
0.017167,0.13201
1.0874,0.39133
0.14022,0.26086
-0.58793,-0.035762
1.9759,0.51192
-0.6665,-0.10366
-0.14116,-0.35178
-0.72342,-0.0033645
-0.58331,-0.073742
-0.70818,-0.39541
1.329,0.50476
0.49563,-0.088879
-0.10737,-0.00083736
-0.914,0.11783
-0.74669,-0.51893
0.27101,-0.023697
1.2053,-0.097381
1.4327,-0.41949
-0.67251,0.0057315
-0.30727,-0.30201
0.9685,0.55577
0.177,-0.44166
-0.75325,-0.37163
-0.88854,-0.32497
-0.7291,0.10511
1.0221,-0.011325
-0.66296,-0.34286
-0.58671,-0.048759
-0.2041,0.20415
0.068572,0.28413
2.6259,0.65221
-0.51494,0.33934
-0.65316,0.013394
-0.72056,-0.27817
2.8651,-0.26581
1.2573,0.033073
-0.029288,-0.4133
-0.6038,-0.086503
-0.71914,0.1741
-0.66013,-0.15025
-0.27083,0.40142
0.42537,-0.10429
0.48786,-0.17186
-0.34276,0.4894
-0.32439,0.4536
2.3352,-0.16489
-0.70912,-0.089274
-0.6505,-0.17705
-0.64325,0.049993
-0.17159,0.8625
0.18932,0.30131
-0.77359,0.21385
2.6448,0.078363
-0.47736,-0.43521
0.011016,0.10967
-0.033889,0.056148
-0.64398,-0.28809
-0.30194,-0.3857
1.8195,-0.31385
-0.72718,-0.62905
-0.62116,-0.010666
-0.23988,0.29472
0.15696,0.16169
-0.60545,-0.096667
-0.41845,0.56355
0.3567,-0.10494
2.2594,-0.31844
2.96,-0.074837
-0.89425,0.11464
-0.55723,-0.063518
0.50919,0.21516
-0.63427,-0.10822
-0.64284,-0.21766
-0.46097,-0.097231
-0.64472,-0.15149
1.1157,-0.1057
1.0186,-0.28243
0.37944,0.038025
1.8473,0.004892
0.54798,0.097738
-0.63865,-0.12258
1.7828,0.86372
-0.62163,-0.23297
-0.63177,-0.14617
2.6739,-0.13754
-0.634,-0.26621
-0.65449,0.006769
-0.67943,-0.15825
-0.65212,-0.050063
-0.56491,-0.065867
-0.59288,-0.04463
-0.73648,-0.62457
-0.64222,-0.22702
-0.87949,-0.12649
-0.63614,-0.03743
-0.063555,0.26792
-0.65782,0.056297
0.011696,-0.26709
1.202,-0.064765
0.22901,-0.084468
1.8519,0.76559
-0.29457,0.38945
1.1482,0.2323
-0.93659,0.39602
1.2093,0.13458
0.033611,-0.57125
-0.82217,0.18998
1.1114,0.74483
1.9524,0.059926
0.80418,0.25452
-0.61523,-0.092838
-0.66029,-0.058556
-0.6642,0.038965
-0.58532,-0.1186
-0.69488,-0.1064
-0.52542,0.84027
-0.19029,0.37954
-0.63389,-0.12942
-0.80026,0.26396
-0.23757,0.48748
1.2077,-0.019602
1.7204,0.16493
0.1794,0.20599
-0.096303,0.50193
-0.60008,-0.19483
0.095065,0.15449
-0.6924,0.0002383
-0.66521,0.17658
0.74301,-0.036482
2.5922,-0.52487
-0.58159,-0.061431
-0.64314,-0.35867
-0.64685,-0.091991
-0.58915,-0.60563
1.0767,0.65864
-0.74983,0.17983
0.034861,0.088343
-0.634,-0.12995
-0.90193,0.31666
-0.097277,0.4248
0.19707,0.58992
-0.10009,0.81665
-0.59908,-0.036518
-0.23187,-0.72361
-0.59079,-0.030484
-0.73817,-0.012628
-0.031552,-0.77694
-0.73511,0.13762
-0.57037,-0.10585
-0.20435,0.005102
-0.050682,0.45755
0.2955,0.60484
1.4595,-0.18436
0.23514,0.88991
0.19542,-0.14357
-0.74462,-0.48654
-0.82186,0.14529
0.95227,0.54455
-0.75156,0.58265
-0.59595,-0.065867
0.040887,-0.32693
-0.63119,-0.030163
1.3981,-0.13003
0.16229,0.19944
-0.60861,-0.056507
0.34358,-0.34263
0.88126,-0.27069
-0.55113,-0.13823
0.42684,0.49945
0.18153,0.51712
-0.13119,-0.15203
-0.63933,-0.19084
-0.50873,-0.037988
0.36439,-0.11308
-0.067906,0.19817
-0.31807,0.39443
-0.64332,0.19146
-0.095718,0.27709
-0.62927,-0.26904
-0.068175,0.49491
-0.071497,0.29621
1.3792,0.25642
0.62294,-0.37329
0.063235,0.69902
-0.59188,-0.053476
0.088354,-0.13278
-0.67919,0.041113
-0.64793,-0.26428
-0.75402,-0.14919
-0.64624,-0.062628
0.082776,-0.4163
-0.68213,-0.32336
2.9517,-0.18102
0.071793,0.060345
1.2035,-0.31209
-0.75558,-0.037466
-0.57479,-0.07275
2.0798,-0.23324
-0.67913,0.076667
1.9832,0.032033
0.034339,0.024512
-0.24195,0.062581
-0.45387,-0.16316
-0.65433,-0.26182
-0.57992,-0.13887
0.90392,0.12657
-0.87583,0.099081
-0.81583,0.48125
-0.6402,-0.09473
-0.15509,-0.245
2.3016,-0.014383
-0.18478,-0.014661
-0.61044,-0.037788
-0.23216,0.10812
-0.64285,-0.038095
-0.55264,0.033189
-0.097912,0.47837
-0.70211,-0.10556
0.35044,0.021209
-0.082738,-0.31643
-0.10175,0.44066
-0.7223,0.11086
1.7132,0.70935
-0.23786,-0.064332
0.10519,0.19163
0.66904,-0.18387
-0.59308,-0.062977
-0.83992,0.13024
-0.79346,0.084127
-0.015577,-0.043598
1.5735,-0.012875
-0.64468,-0.2851
2.2298,-0.4697
-0.61605,-0.061292
-0.75211,-0.21858
0.35416,0.13395
-0.62277,-0.18122
1.9034,0.69401
-0.70622,-0.24787
-0.58226,-0.12023
-0.63213,-0.19015
0.92868,-0.15896
-0.57153,-0.079091
-0.7957,0.154
-0.70698,0.093471
0.90229,-0.22793
-0.73598,0.18693
-0.64099,-0.0045221
1.7901,0.13899
2.4223,-0.32816
-0.64999,-0.22512
-0.68447,0.045258
0.46714,0.25064
-0.64893,0.034592
-0.69784,0.057997
-0.027837,-0.15351
-0.68122,-0.23057
-0.49258,0.77003
1.1052,0.58354
0.74272,0.58117
-0.83212,-0.63338
-0.71734,0.171
0.67632,0.33322
-0.74625,-0.13911
-0.60424,-0.073678
0.14098,0.078085
-0.74438,0.0065674
0.73812,-0.62451
-0.62445,-0.12006
0.98945,-0.14922
2.5248,0.15924
-0.19765,-0.029925
0.058923,0.32788
1.0657,0.03985
-0.57603,-0.070951
-0.4077,-0.41795
-0.061184,-0.52067
2.4557,-0.19175
1.5398,-0.84426
-0.3139,0.3829
-0.60506,-0.049164
-0.040026,0.3086
-0.11781,-0.29229
-0.18709,-0.75276
0.26731,0.66103
-0.14842,-0.29216
-0.57194,-0.096338
0.17558,-0.50283
-0.22747,0.1831
-0.71942,0.10677
0.11589,0.40641
-0.083116,0.30792
-0.18416,-0.40394
-0.5784,-0.14221
-0.7913,0.068182
-0.65392,-0.04426
-1.0428,0.37806
0.76294,-0.32879
-0.45213,0.68521
-0.70192,-0.0029356
-0.7704,0.15099
1.248,0.412
0.28601,-0.07095
0.49676,0.0095576
-0.1373,-0.18934
1.0161,0.25722
0.77647,0.37787
-0.65328,-0.12169
-0.18156,0.054536
2.6327,-0.07015
2.403,-0.58172
-0.21493,0.2636
1.3281,0.15632
-0.18555,0.17594
1.8719,-0.734
-0.33963,0.3617
-0.11832,0.13822
-0.62674,-0.029914
-0.6016,-0.10529
-0.63496,-0.099375
-0.63573,-0.14501
-0.62976,-0.070364
1.9132,0.54541
-0.65379,-0.0085472
0.53278,-0.1889
0.0048263,0.46855
-0.42414,-0.25692
-1.005,0.16252
-0.1098,0.16326
0.94724,0.19137
-0.54358,-0.35252
0.94496,0.94132
-0.35795,0.477
-0.62382,-0.15566
-0.10839,0.35028
0.14529,0.11467
1.5205,0.5087
-0.26583,0.88686
0.70377,0.043278
-0.69814,0.080478
-0.1912,-0.37764
-0.60871,-0.14131
1.9635,0.13381
-0.61367,-0.15921
2.7669,-0.32228
-0.63737,0.010064
0.025129,0.1615
2.9225,-0.15733
-1.0049,0.17449
0.27687,0.011772
-0.85174,0.061998
-0.014078,0.092939
-0.50262,0.28986
-0.18575,0.25352
1.257,-0.54538
-0.17002,0.36689
0.56159,-0.098828
2.0628,-0.1526
-0.67164,-0.11737
-0.73657,0.018938
-0.70813,-0.065788
-0.125,0.013957
-0.65819,-0.11786
-0.68532,-0.44591
-0.15228,-0.023525
0.82749,-0.19341
-0.81798,0.27417
-0.7213,-0.025331
-0.78968,-0.34839
-0.20904,0.28023
-0.4406,-0.31931
1.5697,0.52369
-0.10843,0.5538
2.6428,0.019085
-0.48306,0.28719
0.2447,-0.030313
-0.59757,-0.074994
-0.057165,0.1633
0.17042,0.8055
0.36076,0.152
-0.27343,-0.42306
-0.58295,-0.069599
0.057221,0.76998
0.51295,-0.06902
-0.082717,0.24843
0.68595,-0.13846
-0.18806,0.028776
-0.13464,0.76072
-0.65422,-0.19619
2.8251,-0.10335
-0.049285,0.2699
-0.58137,-0.10353
-0.56026,-0.069707
-0.67879,0.020207
-0.70673,0.08086
-0.14528,-0.20651
-0.57556,-0.16249
-0.73271,-0.33354
0.18881,0.17889
-0.1906,-0.20164
-0.21493,0.13263
-0.59569,-0.12484
0.3532,-0.096378
-0.73191,-0.6241
0.022839,0.028934
-0.64018,-0.25529
-0.76192,0.017345
-0.64511,-0.085034
0.12453,-0.14239
-0.65951,-0.10393
-0.21525,0.1205
0.22476,0.068445
2.4098,-0.23264
-0.27121,0.33596
-0.15547,-0.17794
0.13645,-0.19829
-0.19393,0.015358
1.6522,0.7331
0.033692,0.061389
-0.5685,-0.064757
-0.56741,-0.089514
-0.67822,-0.060506
-0.70444,0.028736
-0.6028,-0.2035
-0.68674,-0.19437
-0.51023,0.73463
1.5987,0.58885
-0.72056,-0.030459
-0.11146,0.029301
-0.56126,-0.13464
-0.60277,-0.18294
0.79401,-0.14739
-0.60837,0.016941
-0.70149,-0.11555
1.4254,0.39996
3.191,0.16103
0.030381,0.018853
-0.60729,-0.27193
-0.12334,0.10521
-0.68238,-0.13965
-0.67375,0.010204
-0.61636,-0.29388
-0.28825,0.56632
2.4105,0.21105
-0.18072,0.048056
-0.62099,-0.035538
-0.067837,0.023473
-0.32538,0.49647
-0.60866,-0.17191
0.2712,-0.98711
0.18704,-0.15118
-0.33057,0.62928
-0.59095,0.81849
-0.69355,0.061821
-0.78883,0.12397
-0.56776,0.078089
-0.14909,-0.021634
-0.070925,0.32706
0.12794,0.11714
-0.70476,-0.057187
-0.26348,0.1367
-0.15069,-0.38711
0.38969,0.2481
0.8038,-0.006735
-0.79122,-0.3264
1.1757,0.06132
1.955,-0.35989
-0.51531,-0.39244
0.1429,0.18954
-0.5865,-0.062421
0.84985,-0.32879
-0.65181,-0.19333
-0.62196,-0.023948
-0.23218,0.07304
-0.57281,-0.11179
-0.55937,-0.079795
0.32456,-0.063478
-0.61401,-0.055627
-0.68692,-0.13473
-0.14872,-0.023408
0.029493,0.11226
-0.16447,0.11868
-0.63256,0.38188
-0.53942,0.80375
-0.59165,-0.059083
1.1744,0.40969
1.7849,0.25083
-0.057435,0.046681
-0.83732,0.27251
-0.60274,-0.15911
-0.57743,-0.10882
0.48882,-0.12404
-0.65315,-0.11378
-0.61996,-0.11993
2.5564,-0.062355
0.47552,-0.058074
-0.4409,-0.33571
-0.15511,0.29139
-0.94997,0.40067
0.044803,-0.46786
-0.3032,0.48441
0.41436,-0.085006
0.40657,0.1093
-0.97635,-0.35338
-0.62975,-0.10114
-0.70216,-0.58401
1.197,0.57912
1.778,0.019232
-0.18233,0.05496
2.2254,0.20714
-0.59459,-0.067343
1.2042,-0.59284
0.18886,-0.47373
-0.49365,-0.17817
-0.85564,0.22109
-0.7536,0.12738
-0.69896,0.30002
-0.22518,0.46092
-0.092677,0.19474
-0.060093,0.31037
-0.64995,-0.23306
-0.65078,-0.026498
-0.64243,0.013407
0.095627,0.15709
-0.25833,0.12548
0.11329,0.25425
1.2449,-0.2944
2.1807,0.0087389
-0.56125,-0.071073
-0.5894,-0.068485
0.47772,-0.39111
1.4281,-0.088091
-0.69082,-0.47445
1.29,-0.0037598
-0.23087,0.21912
0.18143,0.18937
-0.085072,0.18198
-0.19879,0.12832
-0.5726,0.25912
-0.062581,0.064814
-0.85218,-0.60199
-0.5624,-0.08505
0.3557,-0.17218
-0.63365,-0.27109
-0.74942,-0.28408
-0.6018,-0.11679
0.13238,0.43958
-0.62552,-0.024482
-0.68541,0.038605
-0.63583,-0.36314
0.21543,0.37491
0.13639,-0.97731
-0.12367,-0.30852
0.69495,0.07594
1.0095,0.022152
0.42098,0.14845
-0.71133,-0.38613
0.56602,-0.33336
1.4049,0.082499
0.74388,-0.39884
1.349,0.69141
-0.69303,-0.064031
-0.5682,-0.13472
-0.086015,0.047752
0.16963,-0.30364
-0.15911,0.051019
-0.18801,-0.062397
0.81352,-0.21576
-0.64795,-0.052605
-0.61312,-0.2187
-0.62236,-0.018105
-0.72675,0.41175
0.028613,0.39025
-0.33902,0.62389
-0.30632,0.44876
0.48359,0.54817
-0.56512,-0.087894
-0.71249,-0.13295
-0.64645,-0.01367
1.1704,0.13911
0.28165,0.07757
-0.18622,0.16007
-0.5725,-0.040903
-0.76613,-0.33992
-0.08085,0.47682
-0.56737,-0.097078
-0.67915,-0.063441
-0.72991,-0.57264
-0.60124,-0.085716
-0.60899,-0.050072
1.6374,-0.20748
1.5878,-0.3615
-0.82745,0.28512
0.65308,-0.12676
-0.56934,-0.034355
-0.21841,0.088541
0.1746,-0.068929
-0.085985,-0.050302
2.1057,-0.0052261
-0.23993,0.2035
1.7561,0.63925
0.42152,-0.5627
-0.64732,-0.30469
-0.64977,-0.18087
-0.85071,0.27302
-0.65762,-0.31306
0.44117,-0.38684
0.63702,0.41925
-0.59878,-0.067767
2.0912,-0.42791
-0.69416,-0.074361
2.4547,0.69411
1.9911,-0.56766
-0.75143,0.10454
-0.58302,-0.050048
-0.50579,0.21152
-0.76014,0.01794
-0.072463,0.50564
-0.95118,0.37963
-0.58636,-0.082075
-0.57981,-0.05777
1.114,0.62963
-0.70891,-0.16329
0.82706,-0.15782
-0.66644,0.081405
-0.62829,-0.16195
-0.19251,-0.21197
1.941,0.47673
-0.37674,-0.30769
-0.59323,-0.097314
0.0231,-0.17171
-0.6557,-0.19581
-0.64057,-0.14143
-0.45183,0.7117
0.26855,0.0026242
-0.65807,0.016696
-0.24984,-0.78957
-0.71083,-0.17152
-0.57538,-0.072388
0.41339,-0.4304
-0.64044,0.0068702
-0.31589,0.40987
-0.69247,-0.10889
0.0157,0.31646
1.184,-0.081903
-0.22859,0.70485
-0.7165,-0.50092
0.28835,0.12618
-0.66417,0.030136
1.8301,-0.035526
-0.16367,-0.49029
-0.80955,0.26905
-0.5629,-0.055419
-0.11947,-0.17955
-0.64585,-0.10331
-0.59127,-0.14815
-0.62385,-0.03543
0.12852,0.28599
-0.52377,-0.087387
-0.24899,0.32475
2.9357,-0.2932
-0.65132,-0.26752
-0.68437,-0.10848
-0.64826,-0.16616
-0.67472,-0.038677
-0.634,0.0015422
1.0301,0.24474
-0.6914,0.078547
-0.67165,-0.082171
-0.71525,-0.16573
-0.24514,0.023268
-0.61725,-0.13841
0.2077,0.021412
-0.59892,-0.11702
1.6202,0.19406
-0.13255,0.50101
-0.78468,-0.66537
-0.60141,-0.038621
-0.58855,-0.048495
-0.11065,0.23737
2.1809,0.36314
-0.082618,0.45871
-0.61489,-0.003339
-0.20643,-0.20198
0.097724,0.079076
-0.59285,-0.051412
0.24897,0.14757
1.8322,-0.69424
-0.09656,1.0643
-0.26107,0.43484
-0.58659,-0.096008
-0.90456,0.3002
-0.90092,-0.70506
-0.85112,-0.70471
0.12385,0.048843
0.75083,0.83079
-0.61487,-0.058642
0.76556,0.05829
-0.63781,-0.10184
-0.63206,-0.0036966
-0.67673,-0.052865
2.3342,0.020361
-0.59895,-0.19302
-0.74438,-0.60563
-0.61615,-0.00029049
-0.22389,0.15487
-0.14211,-0.77393
1.0047,0.42166
0.53203,0.010734
-0.66853,-0.026991
-0.61863,-0.15527
-0.67469,-0.16249
-0.69495,-0.58837
0.96592,0.24039
-0.7409,-0.48232
0.14513,0.076747
-0.60435,-0.10958
-0.67037,-0.22522
0.61868,0.12556
0.3742,-0.36927
-0.68075,-0.19824
-0.38266,0.065592
0.75107,-0.25228
-0.58423,-0.056124
-0.62303,-0.12562
-0.63318,0.014354
-0.59365,-0.077104
-0.26587,0.73095
2.2195,-0.32126
-0.57747,-0.089518
0.97746,0.69806
-0.6181,-0.1107
2.2738,-0.43787
-0.64827,0.079046
-0.673,-0.21169
-0.63139,-0.056661
-0.79553,-0.35591
-0.65762,-0.35055
-0.72366,0.094314
-0.16565,0.12683
-0.70468,-0.057757
-0.2641,0.97692
-0.60373,-0.12717
-0.68799,-0.35642
-0.98436,0.11776
-0.68206,0.0064613
-0.14589,-0.076937
-0.87998,0.25663
-0.095007,-0.24005
-0.22736,0.26758
-0.6528,-0.035947
0.18697,-0.10415
-0.61762,-0.1291
-0.55996,-0.11799
-0.60007,-0.087354
-0.71479,-0.013942
0.40238,0.64925
1.0485,0.68897
2.1659,0.033545
-0.8162,0.058033
0.38108,-0.21174
0.1854,0.70263
-0.051562,0.84779
-0.66924,-0.38659
-0.19058,-0.53473
0.83402,-0.07031
0.053843,0.11402
0.32118,0.64714
-0.67462,-0.11837
0.23174,-0.38729
-0.63903,-0.00025336
-0.74339,0.010399
-0.63146,-0.34985
-0.57902,-0.083129
-0.60903,-0.10525
0.19714,-0.14201
0.16729,-0.21563
-0.21528,0.029098
-0.5834,-0.071919
1.2241,0.58554
-0.12731,-0.21378
2.7369,-0.74351
1.0819,0.2367
-0.60532,-0.060428
-0.58786,-0.083322
0.87033,-0.015054
-0.71432,-0.093301
1.4563,-0.12419
-0.5784,-0.056419
-0.64441,-0.37352
-0.65094,-0.63552
1.4816,0.30141
-0.57919,-0.085932
-0.18061,0.11353
-0.65966,-0.27344
-0.58086,-0.027596
1.1208,0.34183
0.20918,0.47615
1.1869,-0.10632
-0.77427,0.18792
-0.72974,-0.48291
-0.28776,0.38867
-0.63775,-0.16749
-0.76074,0.082255
-0.81066,0.27016
-0.85253,-0.42962
-0.47613,-0.17253
-0.26298,0.19718
-0.66976,-0.0053106
0.14194,-0.73051
1.6483,-0.30453
-0.70403,0.1176
1.87,-0.037873
-0.19723,0.27167
1.9176,-0.61151
1.1655,0.097201
-0.42108,-0.1104
1.3474,0.11877
0.24276,0.44443
-0.59423,-0.063499
0.29066,0.045536
-0.58656,-0.061831
-0.24366,0.45802
-0.70804,0.033739
-0.65249,-0.2145
-0.57402,-0.1125
-0.2041,0.040986
0.051535,0.31136
-0.75037,0.037302
-0.33666,0.7484
0.36419,-0.084481
-0.56905,-0.08315
-0.62555,-0.087066
-0.7253,-0.24749
-0.90707,-0.39613
2.1077,-0.0056143
-0.42139,-0.1053
0.36369,0.14084
1.5044,-0.33946
-0.31113,0.44683
3.1455,-0.30193
-0.63366,0.013292
0.86006,-0.22387
0.25062,0.1058
-0.6423,-0.024792
-0.47013,-0.075725
-0.75995,0.038019
0.37962,-0.15243
-0.56404,-0.085731
-0.18577,0.10281
-0.67593,0.033042
0.051381,0.17208
1.2509,-0.4234
-0.7557,0.11245
0.076632,0.15941
-0.71786,-0.005839
-0.1517,0.70756
0.73898,-0.11768
-0.7009,-0.13129
-0.93936,-0.26923
-0.19321,0.28684
-0.61551,-0.10981
-0.69271,-0.052511
-0.77244,-0.29029
-0.62006,-0.25109
-0.1563,0.18947
0.99342,-0.45683
-0.64046,-0.33197
1.6577,0.02669
-0.77463,-0.65096
-0.54674,-0.44955
-0.65757,-0.13222
-0.85452,0.31299
-0.15754,0.0312
-0.20176,-0.27271
0.3671,-0.31375
-0.65789,-0.16747
-0.68112,-0.17693
0.62771,-0.10285
-0.60997,-0.069146
-0.18806,-0.35264
-0.33043,0.44869
-0.03731,0.14469
-0.14219,-0.074766
0.12935,0.056571
0.49266,0.61997
1.1327,-0.69214
-0.17181,0.018657
1.5504,0.17872
-0.54812,-0.44135
-0.57835,-0.1345
-0.68688,-0.064931
-0.65456,-0.35386
-0.55844,-0.058028
-0.72547,0.095396
0.71995,-0.083521
-0.011161,0.0029959
0.14107,0.099796
-0.65039,-0.026057
1.8368,0.57902
0.24412,-0.052469
-0.69759,0.12378
0.15357,0.26071
-0.67683,-0.080618
0.88446,0.1767
-0.60036,-0.11719
0.24703,0.53189
-0.77966,0.13235
1.8166,0.23426
-0.0049863,0.24312
-0.72725,-0.12714
-0.63149,-0.20843
-0.64644,-0.30395
-0.66004,-0.12875
-0.7416,0.21768
0.62473,0.57837
-0.11962,0.64127
-0.83162,-0.25305
1.2384,-0.53884
-0.087071,0.32198
-0.9147,0.37164
0.44107,0.38568
0.63588,0.16639
-0.38448,-0.17983
-0.64717,-0.069322
-0.11901,0.012228
-0.15811,0.05684
0.30496,-0.27497
-0.58865,-0.11603
-0.55462,-0.081435
0.39887,-0.27388
2.3452,-0.5229
0.54147,0.3919
-0.83721,0.041247
1.3145,-0.52537
0.067338,-0.33823
1.2104,0.052716
-0.58048,-0.21457
-0.60566,-0.045379
-0.56844,-0.13896
-0.7578,-0.65739
-0.62918,-0.038524
1.0997,-0.31747
-0.60002,-0.10068
-0.60837,-0.12177
-0.69988,-0.30434
1.3054,-0.32108
-0.79831,0.27168
-0.67108,-0.021523
-0.63655,-0.10252
-0.1051,0.28722
-0.11561,-0.093102
-0.57035,-0.13992
-0.73112,-0.40886
1.228,-0.15604
-0.82344,0.20942
2.8524,0.34517
-0.095579,-0.41706
-0.5856,-0.39599
-0.67601,-0.27095
-0.77393,0.13095
0.046319,0.088852
3.0947,0.12225
-0.81819,0.20736
0.46839,0.58373
-0.61349,0.020201
-0.87566,0.30814
-1.072,0.11567
-0.58788,-0.10635
-0.25576,0.17325
-0.69714,0.0061666
0.061378,0.17333
-0.091926,-0.17596
-0.025144,0.037105
-0.20683,0.11638
0.096531,0.336
-0.052369,-0.82995
-0.6433,-0.17041
-0.66958,0.015338
3.0227,-0.11054
-0.7867,-0.55575
0.019434,0.056026
1.5289,-0.072681
1.4851,0.35816
-0.66132,-0.13103
-0.5812,-0.062172
0.14914,-0.59692
1.4939,0.35949
-0.20468,0.70081
0.5834,-0.72928
-0.21538,0.16541
-0.13834,0.16259
-0.28823,0.45735
-0.60393,-0.10825
-0.6262,0.040385
-0.54044,-0.048432
-0.0027342,-0.217
-0.63561,0.0029901
-0.57239,-0.018673
1.2275,0.73792
-0.12328,0.46306
0.72943,0.31473
0.73808,0.33398
-0.73013,-0.16811
1.9294,0.64146
0.28053,-0.10434
-0.84485,-0.58828
0.19664,-0.064502
1.5896,-0.10992
-0.86399,0.27505
-0.17332,0.24988
-0.023592,0.060667
-0.72504,0.11986
-0.69415,-0.0044015
-0.7023,-0.01314
-0.58329,-0.14104
-0.18415,-0.02236
0.29432,-0.27076
-0.1232,0.19832
-0.88631,0.35585
-0.12173,0.67488
-0.65057,-0.082891
1.9015,-0.22836
-0.078745,-0.36061
-0.11693,0.47318
-0.84542,0.29411
-0.12089,-0.40874
-0.19188,-0.7306
-0.59807,-0.1121
-0.65254,-0.068478
0.040101,-0.013987
0.37874,-0.087339
2.6636,0.010195
-0.64878,-0.28963
-0.71038,0.012427
1.7389,0.37166
3.2202,-0.48216
-0.52178,0.0038928
1.5057,0.48908
-0.69019,-0.047299
0.88507,0.17888
-0.031451,0.030766
1.2105,0.48565
1.5811,0.68931
0.55025,0.77007
-0.21309,0.018465
-0.60808,-0.17218
-0.93258,0.2372
1.598,0.31943
0.96962,-0.25322
0.29657,-0.057483
0.35976,-0.33598
-0.82243,-0.32417
-0.50745,0.030385
-0.28886,0.46346
-0.31511,0.55102
-0.69825,-0.073083
0.26481,0.17866
-0.68013,0.049715
-0.8156,0.27294
-0.34183,0.49034
-0.57749,-0.066797
-0.56915,-0.072417
1.8249,-0.25869
0.46712,-0.15052
-0.57841,-0.080976
0.33912,-0.041901
-0.58989,-0.1205
1.0049,0.71532
-0.58846,-0.11306
2.6684,-0.26819
-0.75453,0.061826
-0.68057,-0.16937
-0.71036,-0.10387
2.03,-0.61848
3.0333,-0.64635
-0.4725,-0.067342
-0.63326,-0.19197
0.01462,0.13633
0.72752,-0.093764
-0.82617,0.26706
0.28902,-0.44212
0.23207,0.024059
-0.66942,-0.42754
0.68986,0.75136
-0.62408,-0.022554
-0.053361,0.7576
-0.98969,-0.33421
-0.4135,-0.10155
0.56313,-0.066234
-0.65628,-0.021439
0.037496,0.33063
-0.67865,-0.28403
1.0918,-0.074563
-0.6122,-0.051193
-0.74459,-0.5022
-0.89965,0.34474
-0.92175,0.22218
1.9063,0.41157
2.6294,-0.42114
0.10376,0.19915
1.2716,-0.28313
0.7921,0.2935
-0.42212,-0.2729
0.33861,0.015957
-0.42878,0.47391
0.85352,0.034956
-0.069424,0.30518
-0.094701,0.73812
0.9751,0.011136
-0.69047,-0.090245
0.92149,-0.53398
1.8585,0.28694
-0.66867,0.00046786
-0.57539,-0.10605
-0.66573,-0.56923
0.58946,0.17592
-0.52723,0.2767
0.08609,0.068331
0.10984,-0.55271
-0.83702,0.21884
-0.55663,-0.027296
0.02051,-0.27889
-0.6448,-0.10399
-0.65225,-0.36344
0.54925,0.1309
1.6711,-0.45567
-0.034865,0.073736
0.30485,0.093643
-0.64227,0.035062
0.40712,0.19481
0.24566,0.36078
-0.59061,-0.018849
-0.56919,-0.55713
-0.42099,0.43477
0.61401,-0.899
-0.67524,0.025394
-0.18884,0.25338
-0.76498,-0.13782
-0.56598,-0.064589
2.7101,0.016134
-0.1606,-0.077677
0.328,0.99485
-0.58806,-0.15179
0.0081348,0.73229
-0.1152,-0.23849
-0.63366,-0.03528
-0.16585,-0.3071
-0.69194,-0.37736
-0.15111,0.091852
-0.17863,0.02362
0.13909,0.27639
-0.15935,1.1827
-0.59749,-0.14217
-0.63792,-0.21643
0.37642,1.0192
-0.28513,0.26189
1.3453,-0.40058
-0.87762,-0.69788
-0.32814,0.51522
-0.78104,-0.33528
-0.064229,-0.72402
-0.56789,-0.044181
-0.68412,-0.15038
1.3212,-0.099447
-0.6732,-0.083306
0.04368,-0.18469
0.079671,-0.16008
1.2756,-0.070174
-0.61693,-0.19848
1.0046,-0.58899
1.6222,0.60467
-0.15703,0.17906
-0.64282,-0.29097
-0.26339,0.14551
0.23742,-0.33343
-0.6941,0.001863
-0.13905,-0.015229
0.040708,-0.19922
2.2035,-0.0073497
-0.2518,0.75706
1.754,-0.22833
-0.63244,-0.073037
0.53284,0.19836
-0.69437,0.23685
-0.63972,-0.03448
0.061058,0.26366
1.8116,-0.093126
1.0376,-0.19835
-0.48076,-0.6241
0.14105,-0.2945
2.2259,-0.1933
-0.60013,0.027945
-0.33857,0.44397
-0.7519,0.098902
-0.22374,0.1654
-0.12865,-0.0086249
-0.77926,0.007012
1.6866,-0.12626
-0.30669,0.55408
-0.87583,-0.71649
-0.21102,-0.2649
-0.76887,0.10128
-0.67461,0.4098
-0.802,0.085567
-0.21811,0.23177
-0.59785,-0.061402
-0.62776,0.0019032
-0.49404,0.6821
-0.2785,-0.9026
-0.6124,-0.0051277
1.1507,-0.39345
-0.45211,-0.20432
-0.55915,-0.064118
-0.1299,0.25206
-0.76911,-0.6452
-0.67146,-0.32191
-0.59544,-0.1118
-0.77496,0.10986
1.2341,0.15881
2.9655,-0.91245
0.18795,-0.090755
-0.64385,-0.018245
-0.72892,-0.078946
-0.66458,0.0011615
-0.73998,-0.66157
-0.62732,-0.0005713
3.0861,0.0033094
-0.40215,-0.031566
-0.035781,0.2705
0.036787,0.31911
-0.21548,-0.0012645
0.066776,-0.66005
2.2673,-0.26833
0.192,0.096349
-0.059194,0.15705
-0.64013,-0.017025
-0.20363,0.27691
0.09289,0.14995
-0.80633,-0.55129
-0.24097,-0.49405
-0.58614,-0.16544
-0.7896,-0.069242
1.0288,0.4662
-0.66676,-0.042921
-0.036356,0.069809
0.074675,-0.060673
-0.056729,0.0019416
-0.34027,-0.37918
-0.2133,0.11828
-0.24382,0.45809
-0.61463,-0.13806
-0.64582,0.034135
1.2969,0.55444
-0.67081,-0.051599
0.40748,0.092678
-0.81752,-0.56313
-0.055324,0.085745
-0.59469,-0.042784
-0.046273,-0.47902
-0.66888,0.025086
0.64709,0.80052
-0.75105,0.14582
-0.54003,0.63564
0.8477,0.13461
0.056519,-0.53834
0.21717,-0.064246
2.2811,-0.23811
-0.11922,0.7086
-0.79127,0.037323
-0.047784,0.29168
-0.62083,-0.22862
-0.35065,0.025057
0.90685,0.039066
-0.52284,0.011917
-0.70373,0.049786
-0.63501,0.011765
-0.14735,-0.65994
-0.60028,-0.088945
0.43368,0.18583
-0.11895,0.38771
1.3229,-0.29443
-0.71147,0.47082
-0.70579,-0.44459
-0.62678,0.045852
-0.58572,-0.047645
-0.56725,-0.078147
-0.26826,0.43601
1.1518,-0.064386
-0.57725,-0.063747
2.0104,0.35553
-0.71707,-0.14417
1.2297,0.64968
-0.56743,-0.079475
1.2931,0.051252
2.5144,-0.019818
-0.75324,0.19815
2.1367,-0.00648
0.13925,-0.16085
-0.1658,0.038605
-0.60028,-0.10098
-0.044426,-0.25542
-0.62767,0.035023
-0.59869,-0.06214
-0.56069,-0.11652
-0.63763,-0.12662
-0.23639,-0.34911
-0.61055,0.4569
-0.020647,0.36088
-0.66423,-0.024182
0.57809,0.10879
-0.59145,-0.085728
1.4311,0.13455
0.47022,0.1394
-0.78417,0.15052
-0.5865,-0.050966
-0.27319,0.20975
-0.60948,-0.19104
-0.17769,0.24009
-0.68147,-0.025855
1.837,-0.11509
-0.80499,0.26193
-0.36549,0.3811
-1.0095,-0.25778
2.5198,-0.017452
-0.79621,0.12108
1.3386,0.018332
0.76973,-0.30616
-0.60141,-0.10029
-0.6121,-0.059696
-0.525,0.22915
-0.2605,-0.74138
-0.23145,0.15248
1.0583,-0.35914
0.16146,-0.72314
0.82209,-0.20219
-0.28577,0.3325
1.2911,0.26439
-0.7548,-0.52717
-0.63389,-0.11325
0.043173,0.071765
-0.63995,-0.27704
-0.60332,-0.081979
-0.25855,0.078011
-1.0176,0.33788
-0.69159,-0.14903
1.3944,-0.56196
-0.10354,-0.029346
-0.60572,-0.015102
-0.72914,-0.19884
-0.057984,0.060539
-0.015279,-0.094462
-0.16203,0.14103
1.9223,0.14931
0.77914,-0.123
-0.16148,-0.31809
-0.60506,-0.28399
-0.081367,0.34422
1.9335,0.013531
0.93092,-0.20044
0.40509,-0.2153
-0.7832,0.11353
-0.64121,-0.1965
0.47181,-0.028932
-0.68828,-0.0064171
1.2317,0.40721
-0.15963,0.25804
2.9126,-0.14928
-0.64783,-0.061837
0.11212,-0.034113
2.731,-0.2782
-0.62502,-0.0049646
-0.70091,-0.221
1.5019,-0.60779
0.38867,-0.075996
1.8646,-0.67292
-0.68917,-0.25635
-0.58673,-0.0070484
-0.90491,0.32485
-0.40208,-0.37599
-0.71441,-0.38566
-0.72907,0.091747
-0.28839,0.59433
1.7009,0.025379
-0.61939,-0.063418
2.9689,-0.29154
0.043354,0.15014
-0.073967,0.14208
-0.656,-0.030291
0.5237,-0.41673
-0.6104,-0.26384
-0.57741,-0.074435
1.9784,-0.10987
-0.57156,-0.087023
0.24523,0.35688
-0.65264,0.0094114
-0.58938,-0.016858
-0.63473,-0.03079
0.054027,-0.069424
-0.67095,-0.038748
-0.71199,-0.039074
-0.62262,-0.067824
-0.58567,-0.13384
-0.19338,-0.67599
-0.64979,0.0069303
-0.61405,-0.15148
-0.73037,0.087888
-0.62419,-0.0013926
0.64495,0.3307
-0.58833,-0.025774
0.28659,-0.005172
-0.69709,-0.11974
-0.66928,-0.18907
-0.71605,-0.074777
-0.62468,-0.19572
-0.41297,-0.16385
-0.05577,0.39698
-0.57272,-0.081772
-0.82886,0.19817
-0.1672,-0.41232
-0.094597,-0.14439
-0.82114,0.12615
-0.15131,-0.24389
-0.66063,-0.18074
-0.10747,-0.36908
-0.75472,0.087425
-0.23559,0.0083454
-0.59264,-0.028967
1.5924,0.16084
-0.31366,-0.47108
0.99708,-0.23718
